1725544942549 2.073108673095703 0
1725544942558 0.4621640741825104 1
1725544942565 0.31587183475494385 2
1725544942572 0.2818632125854492 3
1725544942581 0.2553562521934509 4
1725544942588 0.25204673409461975 5
1725544942597 0.232023686170578 6
1725544942604 0.23069274425506592 7
1725544942613 0.2259116917848587 8
1725544942621 0.21504835784435272 9
1725544942630 0.21826837956905365 10
1725544942637 0.2114110141992569 11
1725544942645 0.20471306145191193 12
1725544942653 0.21472574770450592 13
1725544942661 0.20466463267803192 14
1725544942669 0.20804467797279358 15
1725544942676 0.21149970591068268 16
1725544942685 0.20478114485740662 17
1725544942692 0.19641856849193573 18
1725544942698 0.2005598098039627 19
1725544942705 0.20326340198516846 20
1725544942713 0.2004169225692749 21
1725544942720 0.1925562024116516 22
1725544942727 0.2042173445224762 23
1725544942736 0.19362245500087738 24
1725544942744 0.1944642961025238 25
1725544942751 0.19477598369121552 26
1725544942759 0.1945844441652298 27
1725544942766 0.18953032791614532 28
1725544942773 0.19667081534862518 29
1725544942781 0.18535514175891876 30
1725544942788 0.20664718747138977 31
1725544942796 0.18472254276275635 32
1725544942806 0.18566864728927612 33
1725544942816 0.18726633489131927 34
1725544942825 0.18278589844703674 35
1725544942833 0.18120604753494263 36
1725544942842 0.17527641355991364 37
1725544942850 0.18709829449653625 38
1725544942859 0.17727260291576385 39
1725544942867 0.1751302033662796 40
1725544942874 0.1731015294790268 41
1725544942884 0.1779618263244629 42
1725544942891 0.16702653467655182 43
1725544942898 0.16397078335285187 44
1725544942905 0.17258860170841217 45
1725544942912 0.1654587686061859 46
1725544942919 0.16337072849273682 47
1725544942926 0.17312410473823547 48
1725544942933 0.16453124582767487 49
1725544942941 0.15909400582313538 50
1725544942949 0.1620514988899231 51
1725544942956 0.154260516166687 52
1725544942963 0.15688978135585785 53
1725544942969 0.16140402853488922 54
1725544942977 0.15104687213897705 55
1725544942985 0.1535407155752182 56
1725544942993 0.15556101500988007 57
1725544943000 0.14819400012493134 58
1725544943006 0.1580696702003479 59
1725544943014 0.14759837090969086 60
1725544943022 0.15399324893951416 61
1725544943030 0.14475512504577637 62
1725544943038 0.15138483047485352 63
1725544943045 0.1391533613204956 64
1725544943052 0.1399448812007904 65
1725544943059 0.15034958720207214 66
1725544943066 0.1410353034734726 67
1725544943073 0.1391662210226059 68
1725544943080 0.13737362623214722 69
1725544943088 0.1341603547334671 70
1725544943096 0.13645346462726593 71
1725544943103 0.1386329084634781 72
1725544943109 0.138004332780838 73
1725544943116 0.13162612915039062 74
1725544943124 0.12992623448371887 75
1725544943132 0.1286328136920929 76
1725544943139 0.13247084617614746 77
1725544943145 0.13068711757659912 78
1725544943152 0.1299968957901001 79
1725544943158 0.1349456012248993 80
1725544943164 0.1271861344575882 81
1725544943171 0.12057390809059143 82
1725544943177 0.12566810846328735 83
1725544943184 0.124773770570755 84
1725544943190 0.11979465186595917 85
1725544943196 0.11776254326105118 86
1725544943202 0.11461395025253296 87
1725544943210 0.12045203894376755 88
1725544943219 0.11543533205986023 89
1725544943226 0.11702844500541687 90
1725544943233 0.11395402252674103 91
1725544943242 0.10991552472114563 92
1725544943249 0.10785933583974838 93
1725544943256 0.11098518967628479 94
1725544943263 0.10895135998725891 95
1725544943271 0.1139058843255043 96
1725544943278 0.1048511490225792 97
1725544943286 0.10987676680088043 98
1725544943296 0.1065574586391449 99
