1725547123663 5.724545001983643 0
1725547123672 0.5249096751213074 1
1725547123682 0.4835200011730194 2
1725547123689 0.4547547399997711 3
1725547123697 0.4547893702983856 4
1725547123705 0.4150111675262451 5
1725547123714 0.3529389798641205 6
1725547123721 0.29511845111846924 7
1725547123727 0.29415249824523926 8
1725547123735 0.2661541998386383 9
1725547123742 0.2684812545776367 10
1725547123748 0.2549702823162079 11
1725547123754 0.26079824566841125 12
1725547123761 0.23865191638469696 13
1725547123770 0.25612547993659973 14
1725547123778 0.2431272715330124 15
1725547123786 0.23069702088832855 16
1725547123794 0.2219451516866684 17
1725547123802 0.23127466440200806 18
1725547123810 0.24808183312416077 19
1725547123817 0.24099721014499664 20
1725547123826 0.22276048362255096 21
1725547123833 0.2238745242357254 22
1725547123841 0.2410794049501419 23
1725547123847 0.2164110541343689 24
1725547123854 0.22959434986114502 25
1725547123864 0.23720411956310272 26
1725547123873 0.2282862663269043 27
1725547123883 0.2182529717683792 28
1725547123892 0.20898962020874023 29
1725547123902 0.23504267632961273 30
1725547123911 0.24167227745056152 31
1725547123921 0.20839476585388184 32
1725547123930 0.19975683093070984 33
1725547123939 0.21126697957515717 34
1725547123947 0.2089506983757019 35
1725547123956 0.20528237521648407 36
1725547123966 0.20492331683635712 37
1725547123975 0.21466906368732452 38
1725547123986 0.213592529296875 39
1725547123995 0.23543275892734528 40
1725547124004 0.2111474573612213 41
1725547124013 0.20825399458408356 42
1725547124021 0.20631015300750732 43
1725547124032 0.21607376635074615 44
1725547124043 0.21091130375862122 45
1725547124051 0.20837020874023438 46
1725547124061 0.20346936583518982 47
1725547124070 0.20973388850688934 48
1725547124080 0.2088194638490677 49
1725547124089 0.21718034148216248 50
1725547124098 0.2032141089439392 51
1725547124107 0.19100908935070038 52
1725547124117 0.20415908098220825 53
1725547124127 0.19020915031433105 54
1725547124138 0.20773451030254364 55
1725547124148 0.2322641760110855 56
1725547124157 0.20182320475578308 57
1725547124167 0.21078680455684662 58
1725547124177 0.21057620644569397 59
1725547124186 0.1962794065475464 60
1725547124195 0.19578921794891357 61
1725547124204 0.20041370391845703 62
1725547124214 0.1954650729894638 63
1725547124224 0.19228778779506683 64
1725547124233 0.20534676313400269 65
1725547124242 0.20202285051345825 66
1725547124252 0.19633901119232178 67
1725547124262 0.18389210104942322 68
1725547124272 0.20492836833000183 69
1725547124283 0.20194083452224731 70
1725547124293 0.21663421392440796 71
1725547124304 0.1978636384010315 72
1725547124313 0.19432058930397034 73
1725547124323 0.19589591026306152 74
1725547124334 0.18141944706439972 75
1725547124344 0.19139587879180908 76
1725547124355 0.19638928771018982 77
1725547124364 0.2096801996231079 78
1725547124373 0.19576799869537354 79
1725547124382 0.19334225356578827 80
1725547124389 0.19581210613250732 81
1725547124397 0.1901644468307495 82
1725547124405 0.19192424416542053 83
1725547124413 0.19654008746147156 84
1725547124420 0.18526653945446014 85
1725547124429 0.18255482614040375 86
1725547124437 0.18523289263248444 87
1725547124445 0.19391846656799316 88
1725547124452 0.18259254097938538 89
1725547124460 0.19640681147575378 90
1725547124468 0.19799520075321198 91
1725547124475 0.18801087141036987 92
1725547124482 0.19196835160255432 93
1725547124492 0.18338684737682343 94
1725547124500 0.19341450929641724 95
1725547124509 0.18516376614570618 96
1725547124515 0.1851273626089096 97
1725547124522 0.19820168614387512 98
1725547124530 0.1896948516368866 99
