1725546958092 6.435654163360596 0
1725546958099 0.5789861083030701 1
1725546958107 0.5029098391532898 2
1725546958114 0.5330260992050171 3
1725546958121 0.45161014795303345 4
1725546958128 0.4481373727321625 5
1725546958136 0.3761262595653534 6
1725546958143 0.3119274079799652 7
1725546958152 0.2951855957508087 8
1725546958159 0.3081248700618744 9
1725546958165 0.29365313053131104 10
1725546958173 0.28606489300727844 11
1725546958181 0.2670022249221802 12
1725546958190 0.2851552665233612 13
1725546958197 0.2662179172039032 14
1725546958205 0.2742573320865631 15
1725546958212 0.2516624629497528 16
1725546958220 0.25841817259788513 17
1725546958229 0.24183116853237152 18
1725546958239 0.25502142310142517 19
1725546958248 0.2480543553829193 20
1725546958259 0.247721865773201 21
1725546958268 0.23902960121631622 22
1725546958279 0.25024446845054626 23
1725546958289 0.24692858755588531 24
1725546958298 0.22273750603199005 25
1725546958307 0.24604924023151398 26
1725546958315 0.24316909909248352 27
1725546958325 0.24214757978916168 28
1725546958335 0.22797752916812897 29
1725546958345 0.23679611086845398 30
1725546958355 0.21856853365898132 31
1725546958366 0.22332210838794708 32
1725546958378 0.2426963746547699 33
1725546958388 0.22124016284942627 34
1725546958397 0.2166041135787964 35
1725546958406 0.23526489734649658 36
1725546958416 0.2380102276802063 37
1725546958427 0.23785264790058136 38
1725546958438 0.22540655732154846 39
1725546958448 0.21961624920368195 40
1725546958456 0.2140367478132248 41
1725546958464 0.22247833013534546 42
1725546958471 0.22986692190170288 43
1725546958478 0.2369811087846756 44
1725546958486 0.21826256811618805 45
1725546958495 0.22523930668830872 46
1725546958503 0.21887703239917755 47
1725546958511 0.2146347314119339 48
1725546958517 0.22610652446746826 49
1725546958525 0.2234569787979126 50
1725546958534 0.2198132574558258 51
1725546958541 0.23035886883735657 52
1725546958548 0.2321164906024933 53
1725546958555 0.21446801722049713 54
1725546958562 0.22444294393062592 55
1725546958569 0.2157740592956543 56
1725546958575 0.21436844766139984 57
1725546958582 0.20742124319076538 58
1725546958588 0.20868146419525146 59
1725546958596 0.22871311008930206 60
1725546958606 0.21186958253383636 61
1725546958613 0.20625507831573486 62
1725546958621 0.2045237123966217 63
1725546958628 0.21921847760677338 64
1725546958635 0.20100295543670654 65
1725546958642 0.21961000561714172 66
1725546958649 0.2118128091096878 67
1725546958656 0.21887002885341644 68
1725546958663 0.20386910438537598 69
1725546958671 0.2053011953830719 70
1725546958681 0.21007820963859558 71
1725546958689 0.20116029679775238 72
1725546958695 0.20929895341396332 73
1725546958703 0.22313450276851654 74
1725546958712 0.20048557221889496 75
1725546958723 0.2029835283756256 76
1725546958731 0.1968599110841751 77
1725546958739 0.21552953124046326 78
1725546958746 0.19319285452365875 79
1725546958753 0.20972999930381775 80
1725546958760 0.21069137752056122 81
1725546958767 0.18992233276367188 82
1725546958774 0.19590458273887634 83
1725546958783 0.20716166496276855 84
1725546958794 0.19904719293117523 85
1725546958801 0.19664858281612396 86
1725546958808 0.2046373039484024 87
1725546958818 0.20930692553520203 88
1725546958826 0.19442656636238098 89
1725546958833 0.20983976125717163 90
1725546958840 0.2000872790813446 91
1725546958846 0.20897190272808075 92
1725546958853 0.18499363958835602 93
1725546958859 0.2092399001121521 94
1725546958867 0.19502709805965424 95
1725546958874 0.21176306903362274 96
1725546958880 0.19970835745334625 97
1725546958890 0.19612883031368256 98
1725546958899 0.1970398873090744 99
