1725580701340 0.0 0
1725580711357 0.00513300000000072 1
1725580721369 0.042263999999988755 2
1725580731440 0.07361900000000787 3
1725580741453 0.0807959999999639 4
1725580751466 0.11214499999999816 5
1725580761480 0.14371199999999362 6
1725580771492 0.15128399999997555 7
1725580781507 0.18325699999996914 8
1725580791520 0.22607499999998026 9
1725580801583 0.2850119999999947 10
1725580811596 0.2931239999999775 11
1725580821614 0.3034319999999866 12
1725580831631 0.3141610000000128 13
1725580841645 0.32181299999996327 14
