1725580701340 0.0 0
1725580711357 0.005250999999930173 1
1725580721369 0.04263799999989715 2
1725580731440 0.07402700000000095 3
1725580741453 0.08203299999991032 4
1725580751466 0.11517899999989822 5
1725580761480 0.14703799999995226 6
1725580771492 0.1543259999999691 7
1725580781507 0.18594999999993433 8
1725580791520 0.23293499999999767 9
1725580801583 0.29158299999994597 10
1725580811596 0.29893699999990986 11
1725580821614 0.31096199999990404 12
1725580831631 0.32171199999993405 13
1725580841645 0.3302999999999656 14
