1725544650267 10.08947467803955 0
1725544650274 0.6514742374420166 1
1725544650281 0.5068259835243225 2
1725544650289 0.484984427690506 3
1725544650297 0.45915287733078003 4
1725544650304 0.458072692155838 5
1725544650312 0.4257993698120117 6
1725544650318 0.4071754217147827 7
1725544650326 0.4329201281070709 8
1725544650335 0.42843347787857056 9
1725544650343 0.3989836573600769 10
1725544650352 0.3611113131046295 11
1725544650359 0.2996864914894104 12
1725544650368 0.2963586449623108 13
1725544650377 0.2818905711174011 14
1725544650386 0.2672148048877716 15
1725544650393 0.2760969400405884 16
1725544650399 0.2482673078775406 17
1725544650406 0.2570233643054962 18
1725544650414 0.2586027979850769 19
1725544650421 0.2706122398376465 20
1725544650428 0.24905666708946228 21
1725544650434 0.25622817873954773 22
1725544650442 0.2522599697113037 23
1725544650450 0.23106293380260468 24
1725544650460 0.2696325182914734 25
1725544650469 0.23684453964233398 26
1725544650477 0.23928529024124146 27
1725544650488 0.2370665967464447 28
1725544650497 0.23713883757591248 29
1725544650504 0.23970787227153778 30
1725544650511 0.24110761284828186 31
1725544650519 0.25336575508117676 32
1725544650528 0.22661471366882324 33
1725544650537 0.22819824516773224 34
1725544650546 0.2295987755060196 35
1725544650552 0.22928765416145325 36
1725544650560 0.23465940356254578 37
1725544650570 0.21267519891262054 38
1725544650579 0.22712768614292145 39
1725544650587 0.2080516368150711 40
1725544650596 0.2087009847164154 41
1725544650605 0.234366312623024 42
1725544650615 0.22506463527679443 43
1725544650626 0.22558382153511047 44
1725544650635 0.2315223515033722 45
1725544650645 0.21504639089107513 46
1725544650654 0.21630819141864777 47
1725544650665 0.21400396525859833 48
1725544650674 0.21358802914619446 49
1725544650685 0.20510505139827728 50
1725544650696 0.21641592681407928 51
1725544650706 0.20939868688583374 52
1725544650716 0.22702011466026306 53
1725544650725 0.21218250691890717 54
1725544650735 0.22312429547309875 55
1725544650745 0.21060846745967865 56
1725544650755 0.19614757597446442 57
1725544650764 0.21526804566383362 58
1725544650773 0.2081177532672882 59
1725544650783 0.21177339553833008 60
1725544650793 0.20290248095989227 61
1725544650802 0.2312360256910324 62
1725544650810 0.19837580621242523 63
1725544650820 0.194074809551239 64
1725544650829 0.21478544175624847 65
1725544650837 0.19380724430084229 66
1725544650845 0.19880029559135437 67
1725544650855 0.2128523588180542 68
1725544650866 0.19396089017391205 69
1725544650876 0.2035588026046753 70
1725544650886 0.19839034974575043 71
1725544650897 0.20702452957630157 72
1725544650906 0.1949453055858612 73
1725544650916 0.18132862448692322 74
1725544650926 0.2061222940683365 75
1725544650935 0.19635751843452454 76
1725544650943 0.19246701896190643 77
1725544650951 0.21776123344898224 78
1725544650957 0.20177100598812103 79
1725544650963 0.19597530364990234 80
1725544650970 0.2041289210319519 81
1725544650980 0.19501200318336487 82
1725544650989 0.20166057348251343 83
1725544650997 0.20358629524707794 84
1725544651005 0.21316586434841156 85
1725544651014 0.21406026184558868 86
1725544651023 0.2017965465784073 87
1725544651030 0.1991673707962036 88
1725544651038 0.2013356238603592 89
1725544651046 0.2152702361345291 90
1725544651056 0.18989820778369904 91
1725544651067 0.2140026092529297 92
1725544651076 0.1935189962387085 93
1725544651085 0.19774849712848663 94
1725544651095 0.18907301127910614 95
1725544651105 0.20320022106170654 96
1725544651115 0.21206927299499512 97
1725544651121 0.19850970804691315 98
1725544651128 0.2024579793214798 99
