1725545822374 7.816013813018799 0
1725545822381 0.5827842354774475 1
1725545822388 0.4873872697353363 2
1725545822395 0.45490819215774536 3
1725545822403 0.4824924170970917 4
1725545822411 0.46719738841056824 5
1725545822420 0.4252873361110687 6
1725545822427 0.4275042712688446 7
1725545822434 0.3982170820236206 8
1725545822442 0.38910719752311707 9
1725545822449 0.35657575726509094 10
1725545822458 0.3313111960887909 11
1725545822464 0.29481497406959534 12
1725545822472 0.2870144248008728 13
1725545822479 0.26492154598236084 14
1725545822486 0.26592519879341125 15
1725545822492 0.2692738175392151 16
1725545822499 0.2451869249343872 17
1725545822507 0.23509283363819122 18
1725545822514 0.2386227697134018 19
1725545822521 0.25464895367622375 20
1725545822528 0.25734490156173706 21
1725545822536 0.23643983900547028 22
1725545822545 0.23609331250190735 23
1725545822552 0.22732830047607422 24
1725545822559 0.23449549078941345 25
1725545822564 0.23762407898902893 26
1725545822573 0.2399032711982727 27
1725545822582 0.23635490238666534 28
1725545822589 0.23662863671779633 29
1725545822598 0.25029096007347107 30
1725545822606 0.25809192657470703 31
1725545822614 0.22736088931560516 32
1725545822623 0.21953898668289185 33
1725545822631 0.20871450006961823 34
1725545822637 0.2115435004234314 35
1725545822643 0.20665383338928223 36
1725545822649 0.23392803966999054 37
1725545822657 0.24212974309921265 38
1725545822663 0.21835972368717194 39
1725545822669 0.21832606196403503 40
1725545822675 0.21365877985954285 41
1725545822682 0.21636013686656952 42
1725545822692 0.2116890847682953 43
1725545822702 0.2287726253271103 44
1725545822711 0.21723854541778564 45
1725545822721 0.20299582183361053 46
1725545822731 0.20110318064689636 47
1725545822739 0.20194238424301147 48
1725545822746 0.2059839516878128 49
1725545822753 0.1946667730808258 50
1725545822761 0.20336344838142395 51
1725545822770 0.21538308262825012 52
1725545822777 0.21068038046360016 53
1725545822783 0.23054228723049164 54
1725545822789 0.20882000029087067 55
1725545822797 0.22290872037410736 56
1725545822803 0.21748077869415283 57
1725545822811 0.20272459089756012 58
1725545822819 0.19681617617607117 59
1725545822828 0.2005208134651184 60
1725545822834 0.2100256383419037 61
1725545822841 0.2051875740289688 62
1725545822850 0.20306380093097687 63
1725545822858 0.1995091736316681 64
1725545822866 0.2118588536977768 65
1725545822876 0.20820118486881256 66
1725545822886 0.19775579869747162 67
1725545822894 0.20437636971473694 68
1725545822900 0.1957913041114807 69
1725545822906 0.19266124069690704 70
1725545822913 0.19985052943229675 71
1725545822919 0.21829132735729218 72
1725545822925 0.22704815864562988 73
1725545822931 0.203931525349617 74
1725545822936 0.20638643205165863 75
1725545822945 0.21438108384609222 76
1725545822950 0.19983239471912384 77
1725545822957 0.19903799891471863 78
1725545822963 0.20868153870105743 79
1725545822970 0.20606733858585358 80
1725545822978 0.21427704393863678 81
1725545822987 0.19551700353622437 82
1725545822997 0.21261967718601227 83
1725545823007 0.20454181730747223 84
1725545823015 0.2081630378961563 85
1725545823023 0.20526066422462463 86
1725545823030 0.2042313665151596 87
1725545823037 0.21804246306419373 88
1725545823044 0.19660836458206177 89
1725545823052 0.19183890521526337 90
1725545823059 0.1941794604063034 91
1725545823066 0.1974787563085556 92
1725545823072 0.19717323780059814 93
1725545823080 0.18592095375061035 94
1725545823089 0.20034895837306976 95
1725545823098 0.180381178855896 96
1725545823107 0.19197815656661987 97
1725545823116 0.19333332777023315 98
1725545823126 0.21271440386772156 99
