1725545725081 14.545836448669434 0
1725545725089 1.1157402992248535 1
1725545725096 0.743215799331665 2
1725545725103 0.6734005212783813 3
1725545725109 0.5379535555839539 4
1725545725118 0.5682104229927063 5
1725545725126 0.49433988332748413 6
1725545725133 0.4926343858242035 7
1725545725139 0.48467496037483215 8
1725545725147 0.5222470164299011 9
1725545725156 0.48207029700279236 10
1725545725163 0.4488702416419983 11
1725545725170 0.4904298484325409 12
1725545725177 0.4711104929447174 13
1725545725184 0.48835688829421997 14
1725545725191 0.47817450761795044 15
1725545725197 0.4685921370983124 16
1725545725204 0.4236309826374054 17
1725545725210 0.4082588851451874 18
1725545725217 0.42383015155792236 19
1725545725224 0.4461413323879242 20
1725545725231 0.36340105533599854 21
1725545725237 0.41105738282203674 22
1725545725245 0.4029039740562439 23
1725545725252 0.3873678743839264 24
1725545725259 0.3380235433578491 25
1725545725266 0.29337039589881897 26
1725545725273 0.2989377975463867 27
1725545725279 0.29537975788116455 28
1725545725286 0.2611927092075348 29
1725545725293 0.25295767188072205 30
1725545725299 0.2741301357746124 31
1725545725308 0.27431994676589966 32
1725545725316 0.29459044337272644 33
1725545725324 0.314153254032135 34
1725545725331 0.25818389654159546 35
1725545725338 0.2291974276304245 36
1725545725345 0.25936058163642883 37
1725545725352 0.2578664720058441 38
1725545725359 0.23872284591197968 39
1725545725368 0.23631690442562103 40
1725545725378 0.23949293792247772 41
1725545725385 0.2819517254829407 42
1725545725392 0.26214349269866943 43
1725545725399 0.2761738896369934 44
1725545725407 0.24856990575790405 45
1725545725415 0.24144472181797028 46
1725545725424 0.2435034215450287 47
1725545725433 0.2433331459760666 48
1725545725441 0.249614417552948 49
1725545725449 0.24773246049880981 50
1725545725455 0.19430363178253174 51
1725545725463 0.21284908056259155 52
1725545725470 0.23039309680461884 53
1725545725477 0.21360944211483002 54
1725545725485 0.21936649084091187 55
1725545725493 0.22435519099235535 56
1725545725501 0.20342330634593964 57
1725545725507 0.2256896197795868 58
1725545725515 0.20778487622737885 59
1725545725522 0.24099034070968628 60
1725545725530 0.2180786430835724 61
1725545725537 0.24010096490383148 62
1725545725545 0.19974467158317566 63
1725545725552 0.2532952129840851 64
1725545725560 0.21325106918811798 65
1725545725567 0.22326618432998657 66
1725545725574 0.24839557707309723 67
1725545725581 0.2675122916698456 68
1725545725590 0.23094336688518524 69
1725545725599 0.24844776093959808 70
1725545725606 0.21852338314056396 71
1725545725615 0.22554337978363037 72
1725545725622 0.24951563775539398 73
1725545725630 0.22966262698173523 74
1725545725637 0.21199166774749756 75
1725545725644 0.20483803749084473 76
1725545725651 0.21393263339996338 77
1725545725658 0.23408028483390808 78
1725545725665 0.19304898381233215 79
1725545725672 0.1927807778120041 80
1725545725678 0.2236708104610443 81
1725545725686 0.2098267823457718 82
1725545725695 0.214370459318161 83
1725545725703 0.19259625673294067 84
1725545725712 0.1834452599287033 85
1725545725718 0.2053210288286209 86
1725545725726 0.23179355263710022 87
1725545725732 0.20779559016227722 88
1725545725739 0.23043380677700043 89
1725545725745 0.2073604017496109 90
1725545725751 0.23207135498523712 91
1725545725757 0.1889752298593521 92
1725545725764 0.21900281310081482 93
1725545725770 0.22832760214805603 94
1725545725778 0.23102746903896332 95
1725545725784 0.2309596687555313 96
1725545725791 0.18150699138641357 97
1725545725800 0.2070084512233734 98
1725545725809 0.21011929214000702 99
