1725545750422 15.967780113220215 0
1725545750430 0.940393328666687 1
1725545750438 0.617775022983551 2
1725545750444 0.5674859285354614 3
1725545750450 0.49130016565322876 4
1725545750456 0.5210596323013306 5
1725545750464 0.48409000039100647 6
1725545750471 0.46411460638046265 7
1725545750477 0.4639407992362976 8
1725545750485 0.4565920829772949 9
1725545750494 0.4308934211730957 10
1725545750503 0.47798261046409607 11
1725545750509 0.4172167181968689 12
1725545750515 0.43978139758110046 13
1725545750522 0.418214350938797 14
1725545750529 0.35125190019607544 15
1725545750536 0.33521100878715515 16
1725545750543 0.3390692174434662 17
1725545750551 0.3173494040966034 18
1725545750560 0.3174073398113251 19
1725545750567 0.3257977366447449 20
1725545750573 0.3039475083351135 21
1725545750580 0.2744118869304657 22
1725545750588 0.26049140095710754 23
1725545750594 0.2860739529132843 24
1725545750601 0.2667863965034485 25
1725545750609 0.2765325903892517 26
1725545750616 0.26759639382362366 27
1725545750624 0.32832038402557373 28
1725545750631 0.2752056419849396 29
1725545750639 0.2653101682662964 30
1725545750646 0.23778708279132843 31
1725545750655 0.2690059542655945 32
1725545750662 0.2737782597541809 33
1725545750670 0.23628295958042145 34
1725545750678 0.2326754331588745 35
1725545750684 0.2558860182762146 36
1725545750693 0.2554802894592285 37
1725545750699 0.25805115699768066 38
1725545750707 0.23608984053134918 39
1725545750716 0.2308797985315323 40
1725545750725 0.2492927461862564 41
1725545750732 0.2481624037027359 42
1725545750739 0.23558059334754944 43
1725545750746 0.2477380782365799 44
1725545750753 0.2701052129268646 45
1725545750762 0.22255314886569977 46
1725545750769 0.24462434649467468 47
1725545750777 0.22312425076961517 48
1725545750786 0.24220092594623566 49
1725545750794 0.21567416191101074 50
1725545750802 0.2247658669948578 51
1725545750810 0.2278996706008911 52
1725545750817 0.22701816260814667 53
1725545750827 0.22413146495819092 54
1725545750837 0.20841406285762787 55
1725545750847 0.21993368864059448 56
1725545750854 0.21504966914653778 57
1725545750862 0.23230823874473572 58
1725545750870 0.2189749777317047 59
1725545750878 0.2161443680524826 60
1725545750887 0.22051705420017242 61
1725545750894 0.22642821073532104 62
1725545750904 0.21355512738227844 63
1725545750913 0.22488729655742645 64
1725545750921 0.22429610788822174 65
1725545750929 0.22971302270889282 66
1725545750936 0.21314479410648346 67
1725545750944 0.18440747261047363 68
1725545750952 0.2198978215456009 69
1725545750961 0.2329445332288742 70
1725545750970 0.24062852561473846 71
1725545750980 0.20917773246765137 72
1725545750990 0.23417817056179047 73
1725545751000 0.19843095541000366 74
1725545751008 0.21036767959594727 75
1725545751017 0.19910520315170288 76
1725545751025 0.19996027648448944 77
1725545751035 0.21675634384155273 78
1725545751044 0.21312028169631958 79
1725545751051 0.20024465024471283 80
1725545751058 0.21194453537464142 81
1725545751066 0.2024504840373993 82
1725545751073 0.20366238057613373 83
1725545751080 0.21550580859184265 84
1725545751087 0.2093123197555542 85
1725545751094 0.21644185483455658 86
1725545751102 0.22794830799102783 87
1725545751111 0.22314012050628662 88
1725545751118 0.23726195096969604 89
1725545751125 0.2062472254037857 90
1725545751133 0.23412467539310455 91
1725545751140 0.19727414846420288 92
1725545751147 0.23951047658920288 93
1725545751154 0.23562587797641754 94
1725545751160 0.21949735283851624 95
1725545751167 0.1945706456899643 96
1725545751173 0.2162790149450302 97
1725545751181 0.19372326135635376 98
1725545751187 0.19307772815227509 99
