1725546438594 6.42557430267334 0
1725546438602 0.5677081346511841 1
1725546438610 0.4999752342700958 2
1725546438618 0.48749053478240967 3
1725546438626 0.4797300100326538 4
1725546438633 0.45232611894607544 5
1725546438640 0.4222652018070221 6
1725546438647 0.3626428544521332 7
1725546438654 0.318244993686676 8
1725546438661 0.3236871659755707 9
1725546438667 0.27216365933418274 10
1725546438674 0.2641465961933136 11
1725546438681 0.263418048620224 12
1725546438690 0.2698558270931244 13
1725546438699 0.2536713182926178 14
1725546438710 0.2641982436180115 15
1725546438720 0.27357321977615356 16
1725546438731 0.23502084612846375 17
1725546438741 0.2548316717147827 18
1725546438750 0.26879119873046875 19
1725546438760 0.24039112031459808 20
1725546438769 0.2285899668931961 21
1725546438779 0.24898940324783325 22
1725546438788 0.2612227201461792 23
1725546438798 0.22737374901771545 24
1725546438807 0.2287599891424179 25
1725546438816 0.2235429286956787 26
1725546438825 0.23785340785980225 27
1725546438833 0.24727465212345123 28
1725546438842 0.2323198765516281 29
1725546438849 0.24261274933815002 30
1725546438858 0.23359590768814087 31
1725546438865 0.22734926640987396 32
1725546438872 0.23270373046398163 33
1725546438880 0.22907255589962006 34
1725546438887 0.22846853733062744 35
1725546438894 0.22093066573143005 36
1725546438900 0.21404904127120972 37
1725546438906 0.22098936140537262 38
1725546438914 0.2359783798456192 39
1725546438920 0.2136961817741394 40
1725546438928 0.2182736098766327 41
1725546438935 0.21833527088165283 42
1725546438943 0.2109643518924713 43
1725546438950 0.23699502646923065 44
1725546438956 0.23970182240009308 45
1725546438963 0.2155456244945526 46
1725546438970 0.21599023044109344 47
1725546438976 0.22765454649925232 48
1725546438984 0.20347483456134796 49
1725546438992 0.2257930338382721 50
1725546438999 0.2093828320503235 51
1725546439005 0.21379230916500092 52
1725546439011 0.21606966853141785 53
1725546439018 0.22555570304393768 54
1725546439028 0.22325602173805237 55
1725546439038 0.20486056804656982 56
1725546439048 0.2142803817987442 57
1725546439057 0.22335678339004517 58
1725546439064 0.22636725008487701 59
1725546439071 0.2278238981962204 60
1725546439077 0.20905135571956635 61
1725546439084 0.2082599401473999 62
1725546439091 0.2170422375202179 63
1725546439099 0.20720531046390533 64
1725546439105 0.20371510088443756 65
1725546439112 0.20978303253650665 66
1725546439119 0.20812414586544037 67
1725546439127 0.20973782241344452 68
1725546439134 0.20719069242477417 69
1725546439140 0.20763033628463745 70
1725546439147 0.20515362918376923 71
1725546439156 0.19924132525920868 72
1725546439164 0.21991050243377686 73
1725546439171 0.22105112671852112 74
1725546439178 0.22088977694511414 75
1725546439184 0.21044248342514038 76
1725546439191 0.21087388694286346 77
1725546439198 0.19972629845142365 78
1725546439204 0.20476791262626648 79
1725546439212 0.18962304294109344 80
1725546439219 0.20735971629619598 81
1725546439227 0.20686835050582886 82
1725546439236 0.2097085416316986 83
1725546439245 0.22995461523532867 84
1725546439254 0.20906148850917816 85
1725546439263 0.20314696431159973 86
1725546439270 0.19667135179042816 87
1725546439277 0.2174956202507019 88
1725546439283 0.20625537633895874 89
1725546439292 0.2134891003370285 90
1725546439302 0.19412930309772491 91
1725546439309 0.1953698843717575 92
1725546439317 0.20690396428108215 93
1725546439325 0.2003539502620697 94
1725546439333 0.203776016831398 95
1725546439342 0.19687014818191528 96
1725546439351 0.2063927799463272 97
1725546439359 0.1943369358778 98
1725546439368 0.21496674418449402 99
