1725547020195 10.976832389831543 0
1725547020202 0.8182087540626526 1
1725547020208 0.5849921107292175 2
1725547020216 0.5655083656311035 3
1725547020222 0.550358235836029 4
1725547020229 0.5695262551307678 5
1725547020237 0.5653036832809448 6
1725547020244 0.5524992942810059 7
1725547020254 0.5069522857666016 8
1725547020265 0.4520442485809326 9
1725547020274 0.4543932378292084 10
1725547020283 0.3871281147003174 11
1725547020289 0.32442545890808105 12
1725547020296 0.3453352451324463 13
1725547020304 0.3068332374095917 14
1725547020312 0.33058807253837585 15
1725547020321 0.3006915748119354 16
1725547020330 0.35752665996551514 17
1725547020338 0.29592812061309814 18
1725547020346 0.29773467779159546 19
1725547020352 0.2648887634277344 20
1725547020360 0.31263285875320435 21
1725547020368 0.29471585154533386 22
1725547020376 0.30225107073783875 23
1725547020384 0.27122458815574646 24
1725547020393 0.2987063229084015 25
1725547020402 0.2557651996612549 26
1725547020408 0.2845388352870941 27
1725547020415 0.24361789226531982 28
1725547020422 0.23414207994937897 29
1725547020429 0.22823238372802734 30
1725547020437 0.25057506561279297 31
1725547020445 0.23610588908195496 32
1725547020452 0.2449048012495041 33
1725547020462 0.233297660946846 34
1725547020471 0.2359396070241928 35
1725547020480 0.2592981457710266 36
1725547020487 0.2690395414829254 37
1725547020494 0.2534695565700531 38
1725547020504 0.242701917886734 39
1725547020514 0.22989395260810852 40
1725547020521 0.23011860251426697 41
1725547020528 0.2326754480600357 42
1725547020536 0.23628546297550201 43
1725547020543 0.21995572745800018 44
1725547020550 0.2689918577671051 45
1725547020556 0.24120451509952545 46
1725547020565 0.23656566441059113 47
1725547020573 0.23510727286338806 48
1725547020580 0.23542577028274536 49
1725547020587 0.2517935037612915 50
1725547020596 0.2305133193731308 51
1725547020606 0.22562474012374878 52
1725547020615 0.23643089830875397 53
1725547020623 0.23530951142311096 54
1725547020632 0.23132920265197754 55
1725547020640 0.22755050659179688 56
1725547020648 0.2334505319595337 57
1725547020654 0.2558448314666748 58
1725547020662 0.20484676957130432 59
1725547020670 0.21701191365718842 60
1725547020679 0.214169442653656 61
1725547020687 0.21124567091464996 62
1725547020695 0.21437762677669525 63
1725547020706 0.22048087418079376 64
1725547020716 0.2109212577342987 65
1725547020726 0.22820524871349335 66
1725547020736 0.2196376472711563 67
1725547020747 0.21705250442028046 68
1725547020756 0.2209153175354004 69
1725547020767 0.22106851637363434 70
1725547020777 0.21205908060073853 71
1725547020786 0.1999703347682953 72
1725547020797 0.21740233898162842 73
1725547020807 0.23579810559749603 74
1725547020816 0.2144917994737625 75
1725547020826 0.2303381711244583 76
1725547020836 0.2040429711341858 77
1725547020845 0.21907536685466766 78
1725547020852 0.21694315969944 79
1725547020860 0.21007710695266724 80
1725547020867 0.23025289177894592 81
1725547020873 0.2115919440984726 82
1725547020880 0.22570586204528809 83
1725547020887 0.22824499011039734 84
1725547020896 0.21021749079227448 85
1725547020907 0.20173302292823792 86
1725547020916 0.21155451238155365 87
1725547020924 0.19134949147701263 88
1725547020932 0.21704049408435822 89
1725547020940 0.2092309296131134 90
1725547020949 0.21121138334274292 91
1725547020959 0.21663977205753326 92
1725547020970 0.24279402196407318 93
1725547020977 0.22022534906864166 94
1725547020986 0.2304239422082901 95
1725547020995 0.21776001155376434 96
1725547021003 0.2228141874074936 97
1725547021009 0.2144250124692917 98
1725547021016 0.2194771021604538 99
