1725546393599 13.665607452392578 0
1725546393608 0.9016600847244263 1
1725546393615 0.5528600215911865 2
1725546393623 0.4944206476211548 3
1725546393630 0.493827223777771 4
1725546393637 0.48236730694770813 5
1725546393645 0.4285835027694702 6
1725546393651 0.48225653171539307 7
1725546393659 0.5202654004096985 8
1725546393665 0.44928526878356934 9
1725546393672 0.43636420369148254 10
1725546393680 0.4447249174118042 11
1725546393687 0.41386279463768005 12
1725546393695 0.39889559149742126 13
1725546393702 0.40290695428848267 14
1725546393710 0.44208845496177673 15
1725546393717 0.39136481285095215 16
1725546393725 0.36575424671173096 17
1725546393732 0.34349551796913147 18
1725546393739 0.34575945138931274 19
1725546393748 0.3551785349845886 20
1725546393755 0.30812153220176697 21
1725546393762 0.3192445635795593 22
1725546393769 0.31163346767425537 23
1725546393776 0.3453351855278015 24
1725546393783 0.298939973115921 25
1725546393790 0.2805267572402954 26
1725546393798 0.2898573577404022 27
1725546393805 0.2592376470565796 28
1725546393812 0.2537608742713928 29
1725546393818 0.2863534092903137 30
1725546393825 0.2881641387939453 31
1725546393832 0.2679802179336548 32
1725546393840 0.27175381779670715 33
1725546393850 0.2473604679107666 34
1725546393856 0.2722279131412506 35
1725546393863 0.2507190406322479 36
1725546393872 0.2432737797498703 37
1725546393880 0.21734176576137543 38
1725546393887 0.23370236158370972 39
1725546393895 0.23775652050971985 40
1725546393903 0.26769769191741943 41
1725546393910 0.2430916428565979 42
1725546393916 0.2389368861913681 43
1725546393923 0.2289484441280365 44
1725546393931 0.20407339930534363 45
1725546393939 0.23144042491912842 46
1725546393946 0.24184684455394745 47
1725546393954 0.22186589241027832 48
1725546393963 0.23991917073726654 49
1725546393972 0.26393935084342957 50
1725546393979 0.2614196538925171 51
1725546393986 0.2322089523077011 52
1725546393992 0.21842558681964874 53
1725546394001 0.23224323987960815 54
1725546394008 0.2486700415611267 55
1725546394015 0.2428387999534607 56
1725546394021 0.20719560980796814 57
1725546394028 0.2028028964996338 58
1725546394037 0.22003695368766785 59
1725546394043 0.2388152927160263 60
1725546394049 0.22180388867855072 61
1725546394056 0.2114485204219818 62
1725546394063 0.21707019209861755 63
1725546394070 0.2227725237607956 64
1725546394077 0.21941442787647247 65
1725546394083 0.22755067050457 66
1725546394093 0.23679499328136444 67
1725546394101 0.2458268105983734 68
1725546394108 0.236874520778656 69
1725546394116 0.22129011154174805 70
1725546394123 0.2316921353340149 71
1725546394132 0.21367688477039337 72
1725546394141 0.23330381512641907 73
1725546394152 0.23740671575069427 74
1725546394162 0.20947480201721191 75
1725546394171 0.2372187376022339 76
1725546394180 0.23532259464263916 77
1725546394190 0.1973579376935959 78
1725546394198 0.2265559583902359 79
1725546394208 0.23776212334632874 80
1725546394218 0.21754410862922668 81
1725546394227 0.22492274641990662 82
1725546394237 0.2299422025680542 83
1725546394247 0.23363904654979706 84
1725546394258 0.22499552369117737 85
1725546394269 0.20165878534317017 86
1725546394280 0.23341822624206543 87
1725546394290 0.20262637734413147 88
1725546394299 0.19375547766685486 89
1725546394309 0.22187437117099762 90
1725546394320 0.22393259406089783 91
1725546394329 0.22801390290260315 92
1725546394338 0.22607482969760895 93
1725546394349 0.19961445033550262 94
1725546394359 0.21420925855636597 95
1725546394368 0.19988523423671722 96
1725546394378 0.18734069168567657 97
1725546394389 0.21919424831867218 98
1725546394398 0.19817355275154114 99
