1725544576291 13.296937942504883 0
1725544576301 0.9584040641784668 1
1725544576313 0.6162980794906616 2
1725544576323 0.5441218614578247 3
1725544576334 0.5422785878181458 4
1725544576345 0.5014125108718872 5
1725544576352 0.5261244177818298 6
1725544576359 0.5379466414451599 7
1725544576366 0.5239953398704529 8
1725544576373 0.47594234347343445 9
1725544576380 0.4985324740409851 10
1725544576386 0.4799303412437439 11
1725544576394 0.4396308362483978 12
1725544576401 0.4602339267730713 13
1725544576408 0.40344613790512085 14
1725544576416 0.40234482288360596 15
1725544576422 0.4133782982826233 16
1725544576429 0.3700278103351593 17
1725544576436 0.3530188798904419 18
1725544576444 0.3175067603588104 19
1725544576451 0.3249475955963135 20
1725544576458 0.2868996560573578 21
1725544576466 0.32073312997817993 22
1725544576473 0.33742958307266235 23
1725544576482 0.3013806641101837 24
1725544576489 0.3160998821258545 25
1725544576498 0.3311481177806854 26
1725544576506 0.2977767586708069 27
1725544576515 0.2730329930782318 28
1725544576524 0.2963206470012665 29
1725544576531 0.2511028051376343 30
1725544576539 0.2685614824295044 31
1725544576547 0.27389317750930786 32
1725544576556 0.23925109207630157 33
1725544576563 0.23832781612873077 34
1725544576571 0.2500355541706085 35
1725544576579 0.2654879093170166 36
1725544576587 0.28905370831489563 37
1725544576594 0.25783252716064453 38
1725544576602 0.30055785179138184 39
1725544576609 0.2716394364833832 40
1725544576616 0.24136699736118317 41
1725544576624 0.2321290224790573 42
1725544576630 0.23024168610572815 43
1725544576637 0.2216915339231491 44
1725544576644 0.2593396306037903 45
1725544576650 0.2356136441230774 46
1725544576657 0.23364229500293732 47
1725544576665 0.21975260972976685 48
1725544576673 0.22839829325675964 49
1725544576681 0.2161252498626709 50
1725544576690 0.21856848895549774 51
1725544576697 0.22411279380321503 52
1725544576707 0.20942136645317078 53
1725544576714 0.2317473590373993 54
1725544576720 0.2277039885520935 55
1725544576728 0.2400781363248825 56
1725544576734 0.21446767449378967 57
1725544576741 0.22368276119232178 58
1725544576747 0.22424785792827606 59
1725544576754 0.2187969982624054 60
1725544576763 0.2373349964618683 61
1725544576772 0.22365066409111023 62
1725544576781 0.20735770463943481 63
1725544576788 0.21982532739639282 64
1725544576796 0.2125454694032669 65
1725544576803 0.2274055927991867 66
1725544576812 0.23661334812641144 67
1725544576821 0.20095504820346832 68
1725544576831 0.22632211446762085 69
1725544576841 0.21482990682125092 70
1725544576851 0.20352768898010254 71
1725544576859 0.23763394355773926 72
1725544576869 0.2150798887014389 73
1725544576877 0.19243039190769196 74
1725544576885 0.22023174166679382 75
1725544576896 0.19612286984920502 76
1725544576905 0.21045395731925964 77
1725544576916 0.2152024209499359 78
1725544576925 0.20478248596191406 79
1725544576931 0.2119857370853424 80
1725544576939 0.21867145597934723 81
1725544576945 0.20491530001163483 82
1725544576953 0.2093743085861206 83
1725544576960 0.22522428631782532 84
1725544576967 0.2044428586959839 85
1725544576975 0.21609745919704437 86
1725544576984 0.22040928900241852 87
1725544576993 0.22098831832408905 88
1725544577004 0.23502252995967865 89
1725544577013 0.276979923248291 90
1725544577024 0.21189330518245697 91
1725544577035 0.1887791007757187 92
1725544577044 0.20633935928344727 93
1725544577054 0.21585889160633087 94
1725544577062 0.21593479812145233 95
1725544577069 0.22733870148658752 96
1725544577077 0.21523098647594452 97
1725544577086 0.1994580626487732 98
1725544577093 0.21687428653240204 99
