1725547431799 1.7049604654312134 0
1725547431814 0.4217757284641266 1
1725547431829 0.32178357243537903 2
1725547431844 0.2802186608314514 3
1725547431859 0.26085254549980164 4
1725547431874 0.24753722548484802 5
1725547431889 0.2541104853153229 6
1725547431904 0.23415477573871613 7
1725547431914 0.24450884759426117 8
1725547431923 0.23494116961956024 9
1725547431932 0.24437618255615234 10
1725547431943 0.23802974820137024 11
1725547431952 0.22387239336967468 12
1725547431959 0.2363504022359848 13
1725547431969 0.22272689640522003 14
1725547431978 0.22755730152130127 15
1725547431988 0.21434275805950165 16
1725547431998 0.2195543348789215 17
1725547432009 0.2295752465724945 18
1725547432020 0.26028579473495483 19
1725547432030 0.22201023995876312 20
1725547432039 0.21045182645320892 21
1725547432049 0.21320456266403198 22
1725547432059 0.21582578122615814 23
1725547432069 0.21131788194179535 24
1725547432079 0.2150740921497345 25
1725547432090 0.2032749205827713 26
1725547432101 0.2071836143732071 27
1725547432111 0.20561333000659943 28
1725547432120 0.2108314037322998 29
1725547432132 0.20549508929252625 30
1725547432141 0.1950491964817047 31
1725547432151 0.2050584852695465 32
1725547432162 0.20495069026947021 33
1725547432172 0.19274435937404633 34
1725547432182 0.19650274515151978 35
1725547432192 0.19766688346862793 36
1725547432201 0.19078883528709412 37
1725547432212 0.19161377847194672 38
1725547432222 0.18840239942073822 39
1725547432232 0.20918938517570496 40
1725547432243 0.18369531631469727 41
1725547432253 0.17605580389499664 42
1725547432264 0.1823127716779709 43
1725547432275 0.18000440299510956 44
1725547432284 0.1790628582239151 45
1725547432291 0.17854957282543182 46
1725547432299 0.17950567603111267 47
1725547432307 0.1725970059633255 48
1725547432315 0.1749112755060196 49
1725547432322 0.1715160608291626 50
1725547432328 0.1673525720834732 51
1725547432335 0.16838686168193817 52
1725547432343 0.16945518553256989 53
1725547432352 0.19059614837169647 54
1725547432361 0.16369180381298065 55
1725547432370 0.18655677139759064 56
1725547432380 0.17093347012996674 57
1725547432387 0.16029968857765198 58
1725547432396 0.1589655578136444 59
1725547432405 0.1675342470407486 60
1725547432414 0.15930591523647308 61
1725547432423 0.15319326519966125 62
1725547432432 0.15450406074523926 63
1725547432440 0.16243323683738708 64
1725547432447 0.14877885580062866 65
1725547432456 0.14658570289611816 66
1725547432465 0.15628299117088318 67
1725547432473 0.1429174244403839 68
1725547432483 0.14742261171340942 69
1725547432492 0.15618112683296204 70
1725547432500 0.1424366682767868 71
1725547432508 0.14448769390583038 72
1725547432516 0.1428866982460022 73
1725547432525 0.14432597160339355 74
1725547432535 0.1464674025774002 75
1725547432542 0.15279975533485413 76
1725547432549 0.1444678008556366 77
1725547432557 0.13204149901866913 78
1725547432565 0.13970953226089478 79
1725547432576 0.17048020660877228 80
1725547432586 0.13943080604076385 81
1725547432595 0.13985349237918854 82
1725547432606 0.1338890641927719 83
1725547432616 0.13294044137001038 84
1725547432626 0.13383442163467407 85
1725547432636 0.12885166704654694 86
1725547432646 0.1251845806837082 87
1725547432656 0.12799815833568573 88
1725547432665 0.13335983455181122 89
1725547432674 0.12189946323633194 90
1725547432685 0.11968299746513367 91
1725547432695 0.12318738549947739 92
1725547432706 0.11911178380250931 93
1725547432716 0.12744423747062683 94
1725547432726 0.11934496462345123 95
1725547432736 0.11821182072162628 96
1725547432747 0.11724194884300232 97
1725547432757 0.11802276223897934 98
1725547432769 0.11522781848907471 99
