1725545791445 5.438965797424316 0
1725545791452 0.5720140337944031 1
1725545791460 0.5163002610206604 2
1725545791467 0.5312607288360596 3
1725545791474 0.4653623700141907 4
1725545791482 0.41071346402168274 5
1725545791490 0.36770427227020264 6
1725545791497 0.33616387844085693 7
1725545791504 0.3167075216770172 8
1725545791511 0.31553009152412415 9
1725545791517 0.3044041097164154 10
1725545791524 0.2763309180736542 11
1725545791533 0.2697561979293823 12
1725545791542 0.2688084840774536 13
1725545791550 0.23844678699970245 14
1725545791556 0.24704903364181519 15
1725545791565 0.2385222464799881 16
1725545791575 0.23444560170173645 17
1725545791586 0.24180148541927338 18
1725545791596 0.2246941179037094 19
1725545791606 0.22913230955600739 20
1725545791614 0.23973485827445984 21
1725545791624 0.2416166365146637 22
1725545791633 0.23634760081768036 23
1725545791642 0.2303599864244461 24
1725545791652 0.21168029308319092 25
1725545791661 0.24411934614181519 26
1725545791671 0.21755127608776093 27
1725545791680 0.22498244047164917 28
1725545791689 0.23851709067821503 29
1725545791698 0.2075105905532837 30
1725545791709 0.2278641015291214 31
1725545791718 0.21694821119308472 32
1725545791727 0.23102067410945892 33
1725545791737 0.22601686418056488 34
1725545791747 0.2017027586698532 35
1725545791757 0.21608810126781464 36
1725545791767 0.22033976018428802 37
1725545791778 0.2342389076948166 38
1725545791787 0.22334375977516174 39
1725545791798 0.21523356437683105 40
1725545791807 0.21597376465797424 41
1725545791813 0.2239518016576767 42
1725545791822 0.2037254422903061 43
1725545791829 0.2376408576965332 44
1725545791835 0.20801281929016113 45
1725545791841 0.20488037168979645 46
1725545791847 0.22513695061206818 47
1725545791855 0.2132386714220047 48
1725545791864 0.21630533039569855 49
1725545791871 0.1986132264137268 50
1725545791880 0.20926862955093384 51
1725545791889 0.20125330984592438 52
1725545791897 0.2004653811454773 53
1725545791905 0.21794812381267548 54
1725545791914 0.21681904792785645 55
1725545791921 0.20994332432746887 56
1725545791929 0.20266950130462646 57
1725545791938 0.20916101336479187 58
1725545791945 0.2035403698682785 59
1725545791952 0.20872317254543304 60
1725545791960 0.22197802364826202 61
1725545791967 0.2003273218870163 62
1725545791973 0.19565831124782562 63
1725545791979 0.20466502010822296 64
1725545791985 0.2101043313741684 65
1725545791992 0.2017730325460434 66
1725545791998 0.1996440887451172 67
1725545792004 0.19640342891216278 68
1725545792013 0.1859281063079834 69
1725545792019 0.21089017391204834 70
1725545792028 0.22149454057216644 71
1725545792038 0.1980086714029312 72
1725545792047 0.20730383694171906 73
1725545792056 0.20098541676998138 74
1725545792063 0.20179305970668793 75
1725545792069 0.20410127937793732 76
1725545792077 0.2070368081331253 77
1725545792084 0.22046536207199097 78
1725545792092 0.18446461856365204 79
1725545792101 0.20445576310157776 80
1725545792110 0.21115684509277344 81
1725545792118 0.2088482826948166 82
1725545792125 0.20240052044391632 83
1725545792132 0.1987646371126175 84
1725545792141 0.19101391732692719 85
1725545792150 0.20890015363693237 86
1725545792158 0.18889275193214417 87
1725545792165 0.19460725784301758 88
1725545792173 0.19913239777088165 89
1725545792181 0.1898948699235916 90
1725545792190 0.19435447454452515 91
1725545792196 0.1916235387325287 92
1725545792203 0.18338683247566223 93
1725545792210 0.19970569014549255 94
1725545792217 0.18722335994243622 95
1725545792223 0.1992368847131729 96
1725545792229 0.18604618310928345 97
1725545792237 0.18018290400505066 98
1725545792247 0.1942378580570221 99
