1725544811425 10.14862060546875 0
1725544811433 0.8042428493499756 1
1725544811441 0.5650216341018677 2
1725544811448 0.5198008418083191 3
1725544811454 0.5416561961174011 4
1725544811461 0.500372052192688 5
1725544811469 0.4951615631580353 6
1725544811477 0.506346583366394 7
1725544811486 0.4868171215057373 8
1725544811495 0.4539066553115845 9
1725544811503 0.4418312609195709 10
1725544811509 0.41212159395217896 11
1725544811515 0.39679980278015137 12
1725544811521 0.3360382318496704 13
1725544811527 0.293509304523468 14
1725544811533 0.322965145111084 15
1725544811539 0.3388639986515045 16
1725544811547 0.29709386825561523 17
1725544811553 0.28506359457969666 18
1725544811559 0.3034270703792572 19
1725544811567 0.34835007786750793 20
1725544811574 0.3174046576023102 21
1725544811583 0.2819802761077881 22
1725544811590 0.29024943709373474 23
1725544811597 0.300609827041626 24
1725544811606 0.2869071960449219 25
1725544811615 0.26176556944847107 26
1725544811621 0.26743900775909424 27
1725544811628 0.2569628059864044 28
1725544811633 0.27984780073165894 29
1725544811641 0.2771349847316742 30
1725544811651 0.27564728260040283 31
1725544811661 0.26159411668777466 32
1725544811669 0.2596457302570343 33
1725544811677 0.2574364244937897 34
1725544811684 0.25483375787734985 35
1725544811690 0.2284994274377823 36
1725544811695 0.24922358989715576 37
1725544811702 0.24430638551712036 38
1725544811711 0.2767491340637207 39
1725544811719 0.25010135769844055 40
1725544811725 0.25503912568092346 41
1725544811734 0.258619487285614 42
1725544811741 0.2417430281639099 43
1725544811750 0.25216996669769287 44
1725544811759 0.26401078701019287 45
1725544811768 0.2547478675842285 46
1725544811775 0.23342590034008026 47
1725544811783 0.22662732005119324 48
1725544811791 0.21712474524974823 49
1725544811798 0.22737360000610352 50
1725544811805 0.24150142073631287 51
1725544811812 0.2244274914264679 52
1725544811820 0.2322155237197876 53
1725544811828 0.213989719748497 54
1725544811834 0.21756134927272797 55
1725544811839 0.22371672093868256 56
1725544811847 0.2401544600725174 57
1725544811855 0.23407907783985138 58
1725544811863 0.2181718498468399 59
1725544811868 0.2450680434703827 60
1725544811876 0.21279767155647278 61
1725544811885 0.22184275090694427 62
1725544811893 0.20919658243656158 63
1725544811901 0.2314637303352356 64
1725544811909 0.21170899271965027 65
1725544811916 0.2273874282836914 66
1725544811925 0.22267268598079681 67
1725544811934 0.20441624522209167 68
1725544811943 0.2243966907262802 69
1725544811951 0.21997791528701782 70
1725544811958 0.2356792837381363 71
1725544811966 0.2258058488368988 72
1725544811972 0.2019999474287033 73
1725544811978 0.21468929946422577 74
1725544811986 0.22685322165489197 75
1725544811995 0.22486259043216705 76
1725544812001 0.2329966425895691 77
1725544812008 0.23173649609088898 78
1725544812016 0.2042599767446518 79
1725544812026 0.2193148136138916 80
1725544812036 0.2060849517583847 81
1725544812043 0.26655328273773193 82
1725544812050 0.21535548567771912 83
1725544812056 0.2142026722431183 84
1725544812063 0.20890149474143982 85
1725544812069 0.22409766912460327 86
1725544812075 0.20510677993297577 87
1725544812082 0.2088993340730667 88
1725544812088 0.22481824457645416 89
1725544812095 0.2012300342321396 90
1725544812104 0.20410828292369843 91
1725544812112 0.2102440893650055 92
1725544812121 0.2206941694021225 93
1725544812129 0.21512727439403534 94
1725544812135 0.23783700168132782 95
1725544812142 0.25110623240470886 96
1725544812148 0.22680817544460297 97
1725544812155 0.20422130823135376 98
1725544812161 0.20706237852573395 99
