1725544618103 5.547867298126221 0
1725544618110 0.5948948860168457 1
1725544618118 0.5243297815322876 2
1725544618124 0.5250939726829529 3
1725544618131 0.4867110550403595 4
1725544618137 0.48181819915771484 5
1725544618145 0.4143286645412445 6
1725544618152 0.36573469638824463 7
1725544618160 0.32266905903816223 8
1725544618166 0.3028901517391205 9
1725544618172 0.29108694195747375 10
1725544618179 0.3084111213684082 11
1725544618185 0.30887752771377563 12
1725544618192 0.29771068692207336 13
1725544618198 0.27406829595565796 14
1725544618206 0.2788948118686676 15
1725544618214 0.27454128861427307 16
1725544618220 0.2429080456495285 17
1725544618228 0.2590199410915375 18
1725544618234 0.25559842586517334 19
1725544618241 0.25707003474235535 20
1725544618249 0.2369481325149536 21
1725544618255 0.2377278357744217 22
1725544618262 0.2554605305194855 23
1725544618269 0.24028503894805908 24
1725544618278 0.23814210295677185 25
1725544618286 0.22930021584033966 26
1725544618294 0.22138458490371704 27
1725544618301 0.23498140275478363 28
1725544618307 0.22162917256355286 29
1725544618314 0.23911301791667938 30
1725544618322 0.232777401804924 31
1725544618328 0.23472268879413605 32
1725544618337 0.2283851057291031 33
1725544618345 0.22703859210014343 34
1725544618353 0.22508154809474945 35
1725544618362 0.24031852185726166 36
1725544618370 0.22818198800086975 37
1725544618377 0.2258540689945221 38
1725544618384 0.20941132307052612 39
1725544618390 0.22974595427513123 40
1725544618397 0.23881205916404724 41
1725544618406 0.22624625265598297 42
1725544618416 0.21894995868206024 43
1725544618425 0.23218946158885956 44
1725544618434 0.20821328461170197 45
1725544618441 0.210500568151474 46
1725544618448 0.21953077614307404 47
1725544618455 0.22798173129558563 48
1725544618462 0.23392590880393982 49
1725544618470 0.21705089509487152 50
1725544618478 0.20095771551132202 51
1725544618486 0.21343839168548584 52
1725544618495 0.21045078337192535 53
1725544618503 0.2134390026330948 54
1725544618512 0.2271234542131424 55
1725544618519 0.2224932163953781 56
1725544618528 0.21484670042991638 57
1725544618537 0.21544471383094788 58
1725544618544 0.23105861246585846 59
1725544618551 0.23520544171333313 60
1725544618559 0.21044979989528656 61
1725544618567 0.22687877714633942 62
1725544618575 0.21195736527442932 63
1725544618582 0.21502074599266052 64
1725544618590 0.20480072498321533 65
1725544618599 0.21204376220703125 66
1725544618607 0.20502249896526337 67
1725544618615 0.2207452654838562 68
1725544618622 0.21495406329631805 69
1725544618630 0.20046420395374298 70
1725544618640 0.2130933552980423 71
1725544618647 0.22980540990829468 72
1725544618656 0.20712804794311523 73
1725544618665 0.19623929262161255 74
1725544618672 0.20730207860469818 75
1725544618680 0.21356436610221863 76
1725544618687 0.21440237760543823 77
1725544618695 0.21350526809692383 78
1725544618703 0.20098243653774261 79
1725544618710 0.19920435547828674 80
1725544618717 0.20944418013095856 81
1725544618724 0.19564466178417206 82
1725544618734 0.20025219023227692 83
1725544618744 0.20096376538276672 84
1725544618752 0.19441689550876617 85
1725544618761 0.20689043402671814 86
1725544618768 0.21314425766468048 87
1725544618776 0.20441092550754547 88
1725544618783 0.20971165597438812 89
1725544618791 0.20378991961479187 90
1725544618799 0.1917547583580017 91
1725544618806 0.1988062858581543 92
1725544618813 0.2005719691514969 93
1725544618821 0.204294815659523 94
1725544618828 0.20624667406082153 95
1725544618835 0.1937917023897171 96
1725544618841 0.19360579550266266 97
1725544618851 0.20799757540225983 98
1725544618859 0.19003641605377197 99
