1725545241805 8.129804611206055 0
1725545241813 0.5983438491821289 1
1725545241821 0.4947493076324463 2
1725545241827 0.4790131151676178 3
1725545241835 0.4676598608493805 4
1725545241842 0.4577491879463196 5
1725545241849 0.46385255455970764 6
1725545241858 0.42320069670677185 7
1725545241865 0.40502721071243286 8
1725545241871 0.3423822820186615 9
1725545241877 0.2791898548603058 10
1725545241885 0.3298727571964264 11
1725545241892 0.2751312255859375 12
1725545241898 0.26474905014038086 13
1725545241906 0.25919270515441895 14
1725545241913 0.2678311765193939 15
1725545241920 0.2521282136440277 16
1725545241928 0.27267545461654663 17
1725545241933 0.2789793312549591 18
1725545241941 0.2606528401374817 19
1725545241949 0.25076350569725037 20
1725545241958 0.257362961769104 21
1725545241966 0.2413022518157959 22
1725545241974 0.2279188185930252 23
1725545241980 0.24599963426589966 24
1725545241988 0.22551962733268738 25
1725545241995 0.22297091782093048 26
1725545242005 0.2267482876777649 27
1725545242011 0.21333689987659454 28
1725545242019 0.21931400895118713 29
1725545242029 0.23105616867542267 30
1725545242039 0.2209388017654419 31
1725545242049 0.2244420349597931 32
1725545242059 0.22259321808815002 33
1725545242067 0.22475947439670563 34
1725545242074 0.20800119638442993 35
1725545242083 0.22337213158607483 36
1725545242091 0.21483425796031952 37
1725545242099 0.20690664649009705 38
1725545242107 0.218661367893219 39
1725545242117 0.2406160980463028 40
1725545242127 0.21963398158550262 41
1725545242136 0.22400127351284027 42
1725545242144 0.20402534306049347 43
1725545242155 0.20003964006900787 44
1725545242165 0.20120655000209808 45
1725545242175 0.20405593514442444 46
1725545242184 0.2121274173259735 47
1725545242192 0.23869256675243378 48
1725545242200 0.2332414835691452 49
1725545242208 0.23413944244384766 50
1725545242219 0.256917268037796 51
1725545242229 0.25157326459884644 52
1725545242239 0.2131720632314682 53
1725545242249 0.24621455371379852 54
1725545242260 0.20560799539089203 55
1725545242269 0.18801480531692505 56
1725545242280 0.20399659872055054 57
1725545242289 0.187883660197258 58
1725545242299 0.21351337432861328 59
1725545242307 0.21812181174755096 60
1725545242315 0.19430169463157654 61
1725545242323 0.2143496423959732 62
1725545242330 0.21249184012413025 63
1725545242337 0.18935586512088776 64
1725545242345 0.20330588519573212 65
1725545242355 0.18790435791015625 66
1725545242364 0.21712996065616608 67
1725545242370 0.1780288815498352 68
1725545242376 0.20456555485725403 69
1725545242382 0.2042294591665268 70
1725545242388 0.18740561604499817 71
1725545242394 0.1898559182882309 72
1725545242402 0.21925027668476105 73
1725545242411 0.20119735598564148 74
1725545242419 0.1997908055782318 75
1725545242427 0.2163759171962738 76
1725545242433 0.20739726722240448 77
1725545242440 0.20391733944416046 78
1725545242446 0.19563622772693634 79
1725545242454 0.18378564715385437 80
1725545242460 0.19518016278743744 81
1725545242467 0.2129417508840561 82
1725545242477 0.18591363728046417 83
1725545242486 0.19036945700645447 84
1725545242494 0.2050030678510666 85
1725545242501 0.20541661977767944 86
1725545242509 0.19719235599040985 87
1725545242519 0.20844322443008423 88
1725545242528 0.18859662115573883 89
1725545242534 0.18471522629261017 90
1725545242541 0.22163031995296478 91
1725545242548 0.21126502752304077 92
1725545242555 0.1936742067337036 93
1725545242564 0.2076684534549713 94
1725545242571 0.18313977122306824 95
1725545242580 0.1945507973432541 96
1725545242589 0.19680102169513702 97
1725545242595 0.19148284196853638 98
1725545242603 0.18943171203136444 99
