1725544678649 9.695232391357422 0
1725544678657 0.7953225374221802 1
1725544678664 0.654157817363739 2
1725544678673 0.6142096519470215 3
1725544678680 0.5950619578361511 4
1725544678687 0.619706392288208 5
1725544678694 0.5476194620132446 6
1725544678703 0.5608513951301575 7
1725544678710 0.533435046672821 8
1725544678717 0.4398934245109558 9
1725544678724 0.36946457624435425 10
1725544678731 0.3747570812702179 11
1725544678738 0.31045806407928467 12
1725544678745 0.3544696867465973 13
1725544678752 0.3777790069580078 14
1725544678758 0.33229607343673706 15
1725544678764 0.31695324182510376 16
1725544678770 0.3021891415119171 17
1725544678778 0.29964345693588257 18
1725544678786 0.29778632521629333 19
1725544678794 0.31435656547546387 20
1725544678803 0.26963672041893005 21
1725544678812 0.28948962688446045 22
1725544678822 0.251740962266922 23
1725544678830 0.2693650722503662 24
1725544678838 0.25643447041511536 25
1725544678846 0.27295982837677 26
1725544678853 0.2893868088722229 27
1725544678861 0.265217125415802 28
1725544678866 0.2782837450504303 29
1725544678874 0.2590305805206299 30
1725544678883 0.26143577694892883 31
1725544678891 0.2442966252565384 32
1725544678901 0.2468155026435852 33
1725544678908 0.24975989758968353 34
1725544678914 0.24924351274967194 35
1725544678921 0.25938016176223755 36
1725544678927 0.25303107500076294 37
1725544678932 0.22916458547115326 38
1725544678939 0.23811885714530945 39
1725544678948 0.22657601535320282 40
1725544678956 0.23876211047172546 41
1725544678964 0.25082963705062866 42
1725544678972 0.24852290749549866 43
1725544678981 0.2515954375267029 44
1725544678990 0.2364347279071808 45
1725544678998 0.2113189846277237 46
1725544679007 0.2339348942041397 47
1725544679013 0.22912143170833588 48
1725544679020 0.2080679088830948 49
1725544679028 0.23143306374549866 50
1725544679037 0.25338101387023926 51
1725544679044 0.23240695893764496 52
1725544679052 0.22382088005542755 53
1725544679060 0.2356261909008026 54
1725544679068 0.2351180613040924 55
1725544679075 0.2241288721561432 56
1725544679085 0.20825348794460297 57
1725544679093 0.2387436330318451 58
1725544679101 0.23615466058254242 59
1725544679109 0.23273561894893646 60
1725544679117 0.22285297513008118 61
1725544679124 0.23841756582260132 62
1725544679132 0.19854368269443512 63
1725544679139 0.22520418465137482 64
1725544679148 0.24496319890022278 65
1725544679155 0.2675221860408783 66
1725544679165 0.2826753854751587 67
1725544679175 0.25724494457244873 68
1725544679184 0.21418079733848572 69
1725544679192 0.2189437747001648 70
1725544679199 0.2416214495897293 71
1725544679207 0.25236400961875916 72
1725544679214 0.21285371482372284 73
1725544679220 0.22111961245536804 74
1725544679229 0.23050670325756073 75
1725544679238 0.22039195895195007 76
1725544679249 0.2221413254737854 77
1725544679257 0.2246587872505188 78
1725544679266 0.2221335917711258 79
1725544679275 0.22144941985607147 80
1725544679285 0.23136501014232635 81
1725544679295 0.2511928975582123 82
1725544679306 0.24290204048156738 83
1725544679315 0.21769045293331146 84
1725544679324 0.2107895463705063 85
1725544679332 0.23572519421577454 86
1725544679342 0.22793661057949066 87
1725544679351 0.2335904836654663 88
1725544679360 0.22459353506565094 89
1725544679368 0.2319791167974472 90
1725544679379 0.20939387381076813 91
1725544679389 0.20951524376869202 92
1725544679399 0.2155872881412506 93
1725544679408 0.21331310272216797 94
1725544679418 0.2217065393924713 95
1725544679427 0.2562338411808014 96
1725544679436 0.2451329529285431 97
1725544679444 0.22077010571956635 98
1725544679454 0.23455175757408142 99
