1725551624618 0.0 0
1725551634636 0.005414000000030228 1
1725551644649 0.03597500000000764 2
1725551654677 2.2868700000000217 3
1725551664692 4.054153999999983 4
1725551674706 5.921221000000003 5
1725551684725 8.215726000000018 6
1725551694743 11.93718100000001 7
1725551704755 11.977667999999994 8
1725551714769 12.008854999999983 9
1725551724783 12.021135000000015 10
1725551734798 12.034582999999998 11
1725551744811 12.095882000000017 12
1725551754824 12.186452000000031 13
1725551764838 12.201069000000018 14
1725551774852 12.222420999999997 15
1725551784865 12.232646999999986 16
1725551794882 12.403781999999978 17
