1725551624618 0.0 0
1725551634636 0.005691999999982045 1
1725551644649 0.03462500000000546 2
1725551654677 0.1939469999999801 3
1725551664692 0.29474500000000603 4
1725551674706 0.4148579999999811 5
1725551684725 0.5874349999999993 6
1725551694743 0.8764939999999797 7
1725551704755 0.8993820000000028 8
1725551714769 0.9315699999999936 9
1725551724783 0.9429489999999987 10
1725551734798 0.9584260000000029 11
1725551744811 1.016208000000006 12
1725551754824 1.1000789999999938 13
1725551764838 1.1136400000000037 14
1725551774852 1.1333669999999927 15
1725551784865 1.1438599999999894 16
1725551794882 1.315115999999989 17
