1725547075056 4.370961666107178 0
1725547075063 0.5686084628105164 1
1725547075070 0.5342009663581848 2
1725547075076 0.4924503266811371 3
1725547075082 0.41698068380355835 4
1725547075090 0.3511316776275635 5
1725547075098 0.33326369524002075 6
1725547075107 0.2963443994522095 7
1725547075115 0.28690341114997864 8
1725547075122 0.2860381305217743 9
1725547075130 0.26610052585601807 10
1725547075137 0.25923192501068115 11
1725547075144 0.25842854380607605 12
1725547075153 0.24296800792217255 13
1725547075160 0.2560431957244873 14
1725547075168 0.25437116622924805 15
1725547075177 0.244114950299263 16
1725547075185 0.24559436738491058 17
1725547075193 0.25253212451934814 18
1725547075201 0.22676308453083038 19
1725547075209 0.24173107743263245 20
1725547075215 0.23287470638751984 21
1725547075222 0.23181433975696564 22
1725547075228 0.233317032456398 23
1725547075234 0.2540135979652405 24
1725547075241 0.23491939902305603 25
1725547075247 0.2399531751871109 26
1725547075255 0.23118482530117035 27
1725547075261 0.20558355748653412 28
1725547075269 0.23287798464298248 29
1725547075277 0.2395734339952469 30
1725547075284 0.228582501411438 31
1725547075293 0.22311028838157654 32
1725547075300 0.21963776648044586 33
1725547075308 0.22286486625671387 34
1725547075315 0.2327340692281723 35
1725547075321 0.21816876530647278 36
1725547075326 0.21747565269470215 37
1725547075333 0.21234184503555298 38
1725547075340 0.2259189635515213 39
1725547075346 0.2232266217470169 40
1725547075353 0.22291702032089233 41
1725547075361 0.21222585439682007 42
1725547075370 0.2115563154220581 43
1725547075377 0.21267975866794586 44
1725547075385 0.20628763735294342 45
1725547075392 0.21582579612731934 46
1725547075398 0.20387539267539978 47
1725547075405 0.21265959739685059 48
1725547075413 0.21256515383720398 49
1725547075420 0.2193310558795929 50
1725547075426 0.22453007102012634 51
1725547075433 0.22960923612117767 52
1725547075441 0.20524312555789948 53
1725547075449 0.19532078504562378 54
1725547075456 0.22343194484710693 55
1725547075466 0.22001318633556366 56
1725547075474 0.2147173285484314 57
1725547075482 0.20367906987667084 58
1725547075490 0.20814356207847595 59
1725547075497 0.2078445702791214 60
1725547075505 0.20114374160766602 61
1725547075514 0.20564521849155426 62
1725547075521 0.21209625899791718 63
1725547075528 0.20523546636104584 64
1725547075536 0.192734032869339 65
1725547075542 0.20422549545764923 66
1725547075549 0.2079208344221115 67
1725547075556 0.19855782389640808 68
1725547075562 0.19561192393302917 69
1725547075571 0.19378195703029633 70
1725547075581 0.19461534917354584 71
1725547075589 0.19570094347000122 72
1725547075599 0.20604443550109863 73
1725547075607 0.19828037917613983 74
1725547075615 0.20432379841804504 75
1725547075622 0.20214278995990753 76
1725547075630 0.19409090280532837 77
1725547075637 0.1966206431388855 78
1725547075644 0.1896587312221527 79
1725547075650 0.20419171452522278 80
1725547075657 0.19644859433174133 81
1725547075664 0.18836268782615662 82
1725547075670 0.19016022980213165 83
1725547075677 0.21022841334342957 84
1725547075684 0.19386501610279083 85
1725547075692 0.19334743916988373 86
1725547075699 0.19595454633235931 87
1725547075710 0.19193945825099945 88
1725547075717 0.18999668955802917 89
1725547075723 0.1841680258512497 90
1725547075729 0.19513991475105286 91
1725547075735 0.18490301072597504 92
1725547075744 0.189560204744339 93
1725547075751 0.19814875721931458 94
1725547075759 0.20764832198619843 95
1725547075765 0.18993590772151947 96
1725547075772 0.1956886500120163 97
1725547075779 0.17994430661201477 98
1725547075786 0.18641722202301025 99
