1725545206623 2.9062578678131104 0
1725545206631 0.49932071566581726 1
1725545206638 0.44032958149909973 2
1725545206645 0.3113571107387543 3
1725545206652 0.28778108954429626 4
1725545206660 0.2606765627861023 5
1725545206667 0.2505897879600525 6
1725545206673 0.24136929214000702 7
1725545206680 0.23626765608787537 8
1725545206686 0.25021371245384216 9
1725545206693 0.2411164939403534 10
1725545206701 0.22936680912971497 11
1725545206708 0.21774418652057648 12
1725545206716 0.23188744485378265 13
1725545206724 0.22248364984989166 14
1725545206732 0.22332483530044556 15
1725545206739 0.2205580472946167 16
1725545206746 0.21270066499710083 17
1725545206753 0.22059118747711182 18
1725545206762 0.21514074504375458 19
1725545206770 0.21987712383270264 20
1725545206777 0.21331803500652313 21
1725545206783 0.21674805879592896 22
1725545206792 0.22741277515888214 23
1725545206800 0.21692822873592377 24
1725545206807 0.21785159409046173 25
1725545206813 0.20484262704849243 26
1725545206820 0.2089828997850418 27
1725545206828 0.21273696422576904 28
1725545206835 0.20006418228149414 29
1725545206844 0.20956005156040192 30
1725545206852 0.21357984840869904 31
1725545206859 0.2024192214012146 32
1725545206867 0.21499019861221313 33
1725545206877 0.19799137115478516 34
1725545206886 0.19504643976688385 35
1725545206895 0.20311704277992249 36
1725545206904 0.1874466836452484 37
1725545206914 0.20708420872688293 38
1725545206924 0.1923314929008484 39
1725545206934 0.19853685796260834 40
1725545206944 0.20711290836334229 41
1725545206954 0.20590737462043762 42
1725545206963 0.19668333232402802 43
1725545206973 0.18966183066368103 44
1725545206983 0.19142094254493713 45
1725545206992 0.1922646313905716 46
1725545207001 0.18686947226524353 47
1725545207011 0.1895066201686859 48
1725545207019 0.20142292976379395 49
1725545207028 0.18772020936012268 50
1725545207037 0.18598079681396484 51
1725545207045 0.1805739849805832 52
1725545207055 0.17496471107006073 53
1725545207065 0.18200191855430603 54
1725545207073 0.18273702263832092 55
1725545207083 0.17637786269187927 56
1725545207092 0.18013513088226318 57
1725545207103 0.18057644367218018 58
1725545207112 0.17723749577999115 59
1725545207122 0.17340826988220215 60
1725545207131 0.1803869754076004 61
1725545207141 0.1784488558769226 62
1725545207149 0.17675915360450745 63
1725545207159 0.1741219013929367 64
1725545207169 0.18045993149280548 65
1725545207179 0.17269426584243774 66
1725545207188 0.17464107275009155 67
1725545207198 0.1737866997718811 68
1725545207208 0.17750784754753113 69
1725545207217 0.16583609580993652 70
1725545207226 0.1632474660873413 71
1725545207235 0.16598822176456451 72
1725545207245 0.16922686994075775 73
1725545207257 0.16386327147483826 74
1725545207266 0.1651850789785385 75
1725545207274 0.1661648154258728 76
1725545207282 0.16395874321460724 77
1725545207290 0.16282886266708374 78
1725545207296 0.16343308985233307 79
1725545207303 0.15112151205539703 80
1725545207311 0.15936458110809326 81
1725545207319 0.1589573621749878 82
1725545207327 0.15798340737819672 83
1725545207336 0.15039825439453125 84
1725545207345 0.16101250052452087 85
1725545207355 0.16081403195858002 86
1725545207365 0.1505568027496338 87
1725545207375 0.14430510997772217 88
1725545207384 0.15656131505966187 89
1725545207393 0.14768342673778534 90
1725545207401 0.16205215454101562 91
1725545207409 0.1472882628440857 92
1725545207419 0.14803506433963776 93
1725545207429 0.15285585820674896 94
1725545207439 0.14867599308490753 95
1725545207447 0.14148689806461334 96
1725545207454 0.1461251676082611 97
1725545207464 0.14663849771022797 98
1725545207475 0.14300008118152618 99
