1725544731259 4.631142616271973 0
1725544731267 0.5687379240989685 1
1725544731275 0.5294314622879028 2
1725544731282 0.49155688285827637 3
1725544731290 0.42254146933555603 4
1725544731297 0.35725462436676025 5
1725544731305 0.3195708394050598 6
1725544731313 0.30530399084091187 7
1725544731319 0.297666072845459 8
1725544731325 0.28927868604660034 9
1725544731332 0.26076024770736694 10
1725544731340 0.26776185631752014 11
1725544731346 0.2623059153556824 12
1725544731354 0.2580452859401703 13
1725544731360 0.2404731661081314 14
1725544731370 0.2521878480911255 15
1725544731379 0.257028192281723 16
1725544731387 0.24734731018543243 17
1725544731394 0.23286409676074982 18
1725544731403 0.24506720900535583 19
1725544731411 0.23154772818088531 20
1725544731421 0.2402435690164566 21
1725544731429 0.24456940591335297 22
1725544731437 0.21948444843292236 23
1725544731444 0.23764295876026154 24
1725544731450 0.2442537397146225 25
1725544731457 0.2345384806394577 26
1725544731464 0.22246001660823822 27
1725544731471 0.21955612301826477 28
1725544731478 0.23028889298439026 29
1725544731487 0.21842142939567566 30
1725544731495 0.22008831799030304 31
1725544731502 0.21911485493183136 32
1725544731509 0.21604743599891663 33
1725544731517 0.22326873242855072 34
1725544731527 0.22011888027191162 35
1725544731537 0.22090330719947815 36
1725544731546 0.22156040370464325 37
1725544731556 0.21055789291858673 38
1725544731565 0.22310376167297363 39
1725544731575 0.21744540333747864 40
1725544731584 0.2185393124818802 41
1725544731594 0.22596555948257446 42
1725544731604 0.22539538145065308 43
1725544731614 0.23645257949829102 44
1725544731624 0.2008497267961502 45
1725544731633 0.2203424870967865 46
1725544731643 0.21553635597229004 47
1725544731653 0.22233395278453827 48
1725544731663 0.22326135635375977 49
1725544731670 0.2039129137992859 50
1725544731680 0.2296420782804489 51
1725544731690 0.21050383150577545 52
1725544731699 0.198885977268219 53
1725544731709 0.20404499769210815 54
1725544731719 0.21250933408737183 55
1725544731729 0.22102980315685272 56
1725544731739 0.2084285318851471 57
1725544731748 0.21272434294223785 58
1725544731757 0.20902957022190094 59
1725544731767 0.20988847315311432 60
1725544731775 0.20627601444721222 61
1725544731784 0.2158026546239853 62
1725544731793 0.2203008234500885 63
1725544731802 0.20392140746116638 64
1725544731813 0.2125350534915924 65
1725544731822 0.2057018131017685 66
1725544731831 0.21010126173496246 67
1725544731841 0.1973632127046585 68
1725544731849 0.21238534152507782 69
1725544731858 0.19670557975769043 70
1725544731866 0.20394130051136017 71
1725544731873 0.19917523860931396 72
1725544731882 0.20934997498989105 73
1725544731891 0.20451293885707855 74
1725544731900 0.20153437554836273 75
1725544731910 0.21200910210609436 76
1725544731919 0.20072558522224426 77
1725544731928 0.18434244394302368 78
1725544731935 0.19278578460216522 79
1725544731944 0.1921144276857376 80
1725544731952 0.1988850086927414 81
1725544731959 0.19931329786777496 82
1725544731966 0.18920741975307465 83
1725544731973 0.20192664861679077 84
1725544731981 0.19043046236038208 85
1725544731990 0.1865132600069046 86
1725544731998 0.18236073851585388 87
1725544732007 0.20056137442588806 88
1725544732016 0.19565048813819885 89
1725544732026 0.1824861764907837 90
1725544732034 0.19412833452224731 91
1725544732042 0.20618487894535065 92
1725544732049 0.19826509058475494 93
1725544732056 0.18758362531661987 94
1725544732063 0.17770542204380035 95
1725544732070 0.2015906721353531 96
1725544732078 0.19366423785686493 97
1725544732086 0.18725988268852234 98
1725544732094 0.19331903755664825 99
