1725545102407 2.0413503646850586 0
1725545102415 0.4403037428855896 1
1725545102425 0.33639320731163025 2
1725545102433 0.28155505657196045 3
1725545102444 0.29047539830207825 4
1725545102452 0.2518725097179413 5
1725545102461 0.2549511194229126 6
1725545102469 0.2559615671634674 7
1725545102476 0.24766109883785248 8
1725545102484 0.2842369079589844 9
1725545102492 0.23350846767425537 10
1725545102501 0.24358409643173218 11
1725545102509 0.231141597032547 12
1725545102517 0.22981877624988556 13
1725545102525 0.2239374965429306 14
1725545102533 0.2305397391319275 15
1725545102541 0.22620055079460144 16
1725545102551 0.22344180941581726 17
1725545102558 0.22592924535274506 18
1725545102568 0.22058452665805817 19
1725545102576 0.2190265953540802 20
1725545102586 0.21255730092525482 21
1725545102593 0.2240382432937622 22
1725545102600 0.2130538523197174 23
1725545102608 0.23172928392887115 24
1725545102616 0.20970894396305084 25
1725545102623 0.22220486402511597 26
1725545102630 0.21988390386104584 27
1725545102637 0.20309768617153168 28
1725545102644 0.2045680731534958 29
1725545102650 0.20626632869243622 30
1725545102657 0.2070135772228241 31
1725545102665 0.19648438692092896 32
1725545102672 0.1941744089126587 33
1725545102680 0.19809259474277496 34
1725545102687 0.20050553977489471 35
1725545102694 0.19093896448612213 36
1725545102701 0.20086711645126343 37
1725545102709 0.187845379114151 38
1725545102716 0.19485370814800262 39
1725545102722 0.1894276887178421 40
1725545102730 0.18679380416870117 41
1725545102740 0.19314661622047424 42
1725545102749 0.18391025066375732 43
1725545102757 0.19448557496070862 44
1725545102765 0.18756797909736633 45
1725545102774 0.17955538630485535 46
1725545102782 0.19156813621520996 47
1725545102790 0.18292100727558136 48
1725545102798 0.17715425789356232 49
1725545102806 0.17294961214065552 50
1725545102814 0.17365379631519318 51
1725545102822 0.1744469404220581 52
1725545102829 0.16936194896697998 53
1725545102836 0.17645227909088135 54
1725545102844 0.17411479353904724 55
1725545102851 0.16754446923732758 56
1725545102859 0.16493113338947296 57
1725545102867 0.1647247076034546 58
1725545102873 0.1741442084312439 59
1725545102881 0.16362980008125305 60
1725545102889 0.17012543976306915 61
1725545102897 0.1592627614736557 62
1725545102904 0.15512961149215698 63
1725545102910 0.15185464918613434 64
1725545102917 0.1583387404680252 65
1725545102923 0.15318278968334198 66
1725545102931 0.16006438434123993 67
1725545102937 0.14763443171977997 68
1725545102944 0.15192513167858124 69
1725545102951 0.15032120048999786 70
1725545102957 0.15678168833255768 71
1725545102963 0.14760540425777435 72
1725545102971 0.14768840372562408 73
1725545102978 0.14764676988124847 74
1725545102986 0.14044304192066193 75
1725545102994 0.15290768444538116 76
1725545103001 0.14218169450759888 77
1725545103007 0.14535540342330933 78
1725545103013 0.12809693813323975 79
1725545103019 0.13230550289154053 80
1725545103025 0.13463494181632996 81
1725545103031 0.13396161794662476 82
1725545103039 0.13088597357273102 83
1725545103048 0.14002609252929688 84
1725545103054 0.137859046459198 85
1725545103061 0.133193701505661 86
1725545103068 0.12444677948951721 87
1725545103075 0.1301010698080063 88
1725545103081 0.13139957189559937 89
1725545103088 0.1262601613998413 90
1725545103095 0.12104576081037521 91
1725545103102 0.11953408271074295 92
1725545103110 0.1217748150229454 93
1725545103118 0.12474355846643448 94
1725545103128 0.12264546006917953 95
1725545103136 0.11874355375766754 96
1725545103143 0.11456822603940964 97
1725545103152 0.11642923206090927 98
1725545103159 0.11566377431154251 99
