1725546887324 18.647802352905273 0
1725546887331 1.137609601020813 1
1725546887398 0.7227312326431274 2
1725546887413 0.5872969627380371 3
1725546887428 0.5388303995132446 4
1725546887444 0.49899837374687195 5
1725546887459 0.5057392120361328 6
1725546887474 0.44914209842681885 7
1725546887488 0.44671741127967834 8
1725546887499 0.4495316445827484 9
1725546887509 0.4763103425502777 10
1725546887519 0.4329396188259125 11
1725546887529 0.45500490069389343 12
1725546887537 0.4419095516204834 13
1725546887544 0.4203053414821625 14
1725546887552 0.4257744550704956 15
1725546887562 0.4290625751018524 16
1725546887570 0.4432559013366699 17
1725546887580 0.46051594614982605 18
1725546887590 0.41930893063545227 19
1725546887599 0.3994939625263214 20
1725546887609 0.39580610394477844 21
1725546887618 0.42927512526512146 22
1725546887629 0.37014201283454895 23
1725546887640 0.36255472898483276 24
1725546887648 0.3458370864391327 25
1725546887657 0.38620319962501526 26
1725546887664 0.3193461298942566 27
1725546887672 0.38868987560272217 28
1725546887679 0.32432299852371216 29
1725546887687 0.30536967515945435 30
1725546887697 0.2717905342578888 31
1725546887707 0.2847095727920532 32
1725546887717 0.31345415115356445 33
1725546887726 0.26057279109954834 34
1725546887735 0.26715314388275146 35
1725546887745 0.29326331615448 36
1725546887755 0.26426321268081665 37
1725546887763 0.2773626446723938 38
1725546887772 0.2819288671016693 39
1725546887781 0.24563419818878174 40
1725546887791 0.3004579544067383 41
1725546887798 0.2480761706829071 42
1725546887807 0.24581795930862427 43
1725546887817 0.2400040179491043 44
1725546887825 0.24708060920238495 45
1725546887832 0.2715283930301666 46
1725546887840 0.2457883059978485 47
1725546887846 0.26833513379096985 48
1725546887854 0.2359149307012558 49
1725546887861 0.2265855371952057 50
1725546887870 0.23922161757946014 51
1725546887879 0.22927610576152802 52
1725546887887 0.22409698367118835 53
1725546887895 0.2324800193309784 54
1725546887903 0.27354246377944946 55
1725546887912 0.28494012355804443 56
1725546887920 0.2790047824382782 57
1725546887927 0.25050070881843567 58
1725546887934 0.24115900695323944 59
1725546887943 0.23959985375404358 60
1725546887953 0.23987463116645813 61
1725546887962 0.24541214108467102 62
1725546887971 0.23540548980236053 63
1725546887977 0.23937079310417175 64
1725546887984 0.23709498345851898 65
1725546887991 0.20544631779193878 66
1725546887999 0.2290143221616745 67
1725546888007 0.24081827700138092 68
1725546888015 0.2613827586174011 69
1725546888022 0.21941408514976501 70
1725546888029 0.2073916494846344 71
1725546888038 0.18946973979473114 72
1725546888046 0.24883636832237244 73
1725546888053 0.2060708999633789 74
1725546888059 0.24031966924667358 75
1725546888066 0.22036194801330566 76
1725546888072 0.20994538068771362 77
1725546888079 0.2102491855621338 78
1725546888087 0.21274755895137787 79
1725546888095 0.22629541158676147 80
1725546888102 0.21002644300460815 81
1725546888109 0.22792592644691467 82
1725546888116 0.19530756771564484 83
1725546888123 0.2067907452583313 84
1725546888130 0.22749900817871094 85
1725546888136 0.21492166817188263 86
1725546888145 0.2046322077512741 87
1725546888154 0.21938060224056244 88
1725546888165 0.24632810056209564 89
1725546888175 0.20721609890460968 90
1725546888185 0.22243043780326843 91
1725546888195 0.21124787628650665 92
1725546888206 0.2123780995607376 93
1725546888216 0.22817780077457428 94
1725546888227 0.21776162087917328 95
1725546888237 0.22208954393863678 96
1725546888248 0.2042410969734192 97
1725546888258 0.18640239536762238 98
1725546888269 0.20978742837905884 99
