1725545851360 9.841307640075684 0
1725545851370 0.8680368065834045 1
1725545851377 0.6640473008155823 2
1725545851383 0.5973871946334839 3
1725545851390 0.5531628727912903 4
1725545851399 0.5590247511863708 5
1725545851406 0.5204625725746155 6
1725545851413 0.5218286514282227 7
1725545851421 0.47954750061035156 8
1725545851429 0.46414828300476074 9
1725545851436 0.4238565266132355 10
1725545851443 0.38990136981010437 11
1725545851452 0.3638874590396881 12
1725545851459 0.32109764218330383 13
1725545851468 0.31689733266830444 14
1725545851476 0.30147942900657654 15
1725545851483 0.34476158022880554 16
1725545851492 0.31848639249801636 17
1725545851499 0.28562918305397034 18
1725545851506 0.28453803062438965 19
1725545851516 0.2975441515445709 20
1725545851526 0.2647900879383087 21
1725545851534 0.2789769768714905 22
1725545851542 0.2637200653553009 23
1725545851551 0.2864706516265869 24
1725545851561 0.28410008549690247 25
1725545851570 0.2796382009983063 26
1725545851577 0.2893064320087433 27
1725545851586 0.2643141448497772 28
1725545851593 0.2601434588432312 29
1725545851602 0.24989286065101624 30
1725545851611 0.24089547991752625 31
1725545851620 0.24755540490150452 32
1725545851628 0.2626940906047821 33
1725545851635 0.2402549535036087 34
1725545851644 0.2408265620470047 35
1725545851653 0.2239171415567398 36
1725545851660 0.2416820228099823 37
1725545851668 0.23721985518932343 38
1725545851677 0.2502588927745819 39
1725545851685 0.22461843490600586 40
1725545851692 0.21885474026203156 41
1725545851701 0.2392374575138092 42
1725545851710 0.2242041975259781 43
1725545851719 0.23479963839054108 44
1725545851727 0.24456681311130524 45
1725545851736 0.21812503039836884 46
1725545851745 0.2389863282442093 47
1725545851754 0.24613846838474274 48
1725545851763 0.2289733588695526 49
1725545851771 0.24081312119960785 50
1725545851780 0.2220747470855713 51
1725545851788 0.23836025595664978 52
1725545851798 0.22240932285785675 53
1725545851806 0.2161446213722229 54
1725545851812 0.23710080981254578 55
1725545851819 0.2425365149974823 56
1725545851826 0.24652808904647827 57
1725545851832 0.22853855788707733 58
1725545851839 0.24327059090137482 59
1725545851846 0.23273658752441406 60
1725545851853 0.22977782785892487 61
1725545851859 0.2396058589220047 62
1725545851866 0.23568956553936005 63
1725545851873 0.23025673627853394 64
1725545851882 0.21374951303005219 65
1725545851889 0.21714986860752106 66
1725545851898 0.2051883339881897 67
1725545851906 0.242231085896492 68
1725545851914 0.2288006991147995 69
1725545851923 0.22733533382415771 70
1725545851931 0.21181173622608185 71
1725545851941 0.22470080852508545 72
1725545851950 0.2128949761390686 73
1725545851958 0.20704157650470734 74
1725545851966 0.21563421189785004 75
1725545851975 0.23018762469291687 76
1725545851985 0.23741276562213898 77
1725545851995 0.2181454598903656 78
1725545852006 0.2201112061738968 79
1725545852016 0.22591297328472137 80
1725545852026 0.22779294848442078 81
1725545852036 0.2126610279083252 82
1725545852046 0.21852841973304749 83
1725545852053 0.22107712924480438 84
1725545852062 0.21996326744556427 85
1725545852069 0.23012685775756836 86
1725545852080 0.20187504589557648 87
1725545852089 0.2136172652244568 88
1725545852097 0.20015226304531097 89
1725545852105 0.2317127287387848 90
1725545852113 0.21671128273010254 91
1725545852122 0.22790251672267914 92
1725545852130 0.213081955909729 93
1725545852137 0.23478028178215027 94
1725545852146 0.2119983732700348 95
1725545852154 0.21336737275123596 96
1725545852163 0.2025371789932251 97
1725545852172 0.2094685584306717 98
1725545852182 0.2281976193189621 99
