1725545987843 11.811266899108887 0
1725545987851 0.8943063020706177 1
1725545987858 0.553236186504364 2
1725545987865 0.555580198764801 3
1725545987872 0.5209080576896667 4
1725545987877 0.5031991600990295 5
1725545987884 0.49610140919685364 6
1725545987890 0.542463481426239 7
1725545987896 0.459835022687912 8
1725545987903 0.466712087392807 9
1725545987909 0.4657128155231476 10
1725545987915 0.46034860610961914 11
1725545987922 0.41470658779144287 12
1725545987931 0.36801740527153015 13
1725545987939 0.35213032364845276 14
1725545987945 0.32958367466926575 15
1725545987951 0.32076799869537354 16
1725545987958 0.30338799953460693 17
1725545987964 0.28109824657440186 18
1725545987971 0.3089594841003418 19
1725545987977 0.2700938582420349 20
1725545987983 0.262600302696228 21
1725545987990 0.30391091108322144 22
1725545987997 0.26589325070381165 23
1725545988005 0.27295324206352234 24
1725545988012 0.2937946021556854 25
1725545988019 0.2430320680141449 26
1725545988027 0.2670867145061493 27
1725545988036 0.24652090668678284 28
1725545988044 0.27556437253952026 29
1725545988052 0.28108131885528564 30
1725545988059 0.2627118229866028 31
1725545988067 0.24925097823143005 32
1725545988073 0.2312196046113968 33
1725545988079 0.267714262008667 34
1725545988086 0.2493971288204193 35
1725545988093 0.24306254088878632 36
1725545988100 0.2501230835914612 37
1725545988110 0.24685995280742645 38
1725545988117 0.22819292545318604 39
1725545988125 0.24100399017333984 40
1725545988133 0.2370489090681076 41
1725545988140 0.25279298424720764 42
1725545988147 0.24893081188201904 43
1725545988154 0.23444905877113342 44
1725545988161 0.2579120397567749 45
1725545988167 0.23758766055107117 46
1725545988173 0.2336435168981552 47
1725545988181 0.2229982614517212 48
1725545988188 0.23021790385246277 49
1725545988195 0.2491375207901001 50
1725545988203 0.24597840011119843 51
1725545988212 0.23377878963947296 52
1725545988219 0.2201271504163742 53
1725545988226 0.2250102013349533 54
1725545988234 0.2282196581363678 55
1725545988242 0.24520991742610931 56
1725545988250 0.2423573136329651 57
1725545988256 0.2191242128610611 58
1725545988264 0.22520959377288818 59
1725545988273 0.22846119105815887 60
1725545988281 0.22886879742145538 61
1725545988287 0.2492600679397583 62
1725545988294 0.22189590334892273 63
1725545988302 0.20616570115089417 64
1725545988310 0.2195068746805191 65
1725545988320 0.221135213971138 66
1725545988327 0.20887453854084015 67
1725545988333 0.21376213431358337 68
1725545988340 0.21854105591773987 69
1725545988346 0.23969502747058868 70
1725545988354 0.22548750042915344 71
1725545988361 0.21888865530490875 72
1725545988369 0.22770681977272034 73
1725545988376 0.2094244360923767 74
1725545988384 0.2163991928100586 75
1725545988391 0.2317027449607849 76
1725545988399 0.19740650057792664 77
1725545988409 0.20144031941890717 78
1725545988416 0.21506479382514954 79
1725545988422 0.21310849487781525 80
1725545988429 0.2086172252893448 81
1725545988436 0.23209145665168762 82
1725545988443 0.25332602858543396 83
1725545988450 0.22985056042671204 84
1725545988456 0.2104862928390503 85
1725545988463 0.22618168592453003 86
1725545988471 0.19747795164585114 87
1725545988478 0.22607584297657013 88
1725545988484 0.2333521693944931 89
1725545988493 0.20711062848567963 90
1725545988500 0.20783568918704987 91
1725545988506 0.2273346334695816 92
1725545988512 0.20864638686180115 93
1725545988519 0.22062984108924866 94
1725545988526 0.21983453631401062 95
1725545988535 0.21661944687366486 96
1725545988545 0.2141874134540558 97
1725545988553 0.22857338190078735 98
1725545988560 0.2109682857990265 99
