1725545906679 5.184760093688965 0
1725545906687 0.5669044852256775 1
1725545906694 0.5344681143760681 2
1725545906702 0.5083112120628357 3
1725545906710 0.4627169668674469 4
1725545906718 0.4162730872631073 5
1725545906726 0.32687023282051086 6
1725545906734 0.2831116318702698 7
1725545906741 0.2902693748474121 8
1725545906748 0.2944434881210327 9
1725545906756 0.2781710624694824 10
1725545906763 0.26726701855659485 11
1725545906770 0.2733384668827057 12
1725545906779 0.2383573353290558 13
1725545906787 0.25867173075675964 14
1725545906797 0.27814996242523193 15
1725545906804 0.24013452231884003 16
1725545906813 0.24788644909858704 17
1725545906819 0.25062766671180725 18
1725545906827 0.2546561360359192 19
1725545906834 0.22577843070030212 20
1725545906841 0.2252909541130066 21
1725545906848 0.2375991940498352 22
1725545906854 0.24125221371650696 23
1725545906861 0.22969156503677368 24
1725545906867 0.23137301206588745 25
1725545906873 0.21611033380031586 26
1725545906883 0.22287264466285706 27
1725545906892 0.23441046476364136 28
1725545906899 0.22429288923740387 29
1725545906907 0.21806398034095764 30
1725545906915 0.23280730843544006 31
1725545906921 0.2166275680065155 32
1725545906927 0.22194261848926544 33
1725545906934 0.21139830350875854 34
1725545906941 0.21617968380451202 35
1725545906947 0.21537227928638458 36
1725545906955 0.20993304252624512 37
1725545906963 0.2063944786787033 38
1725545906970 0.20829139649868011 39
1725545906979 0.2199634164571762 40
1725545906987 0.21979135274887085 41
1725545906997 0.2181282788515091 42
1725545907005 0.20740695297718048 43
1725545907012 0.21039287745952606 44
1725545907020 0.2113717794418335 45
1725545907027 0.203155979514122 46
1725545907035 0.2056358903646469 47
1725545907041 0.19860300421714783 48
1725545907048 0.20460949838161469 49
1725545907057 0.2146255522966385 50
1725545907063 0.21649254858493805 51
1725545907069 0.20080214738845825 52
1725545907077 0.20262256264686584 53
1725545907086 0.20159541070461273 54
1725545907092 0.19695423543453217 55
1725545907100 0.20318281650543213 56
1725545907108 0.20000207424163818 57
1725545907116 0.20138224959373474 58
1725545907124 0.2014816254377365 59
1725545907132 0.20338639616966248 60
1725545907140 0.1991509646177292 61
1725545907149 0.22253721952438354 62
1725545907157 0.19942986965179443 63
1725545907166 0.1889043152332306 64
1725545907176 0.19430172443389893 65
1725545907186 0.19422082602977753 66
1725545907195 0.19335471093654633 67
1725545907203 0.19254453480243683 68
1725545907210 0.18659618496894836 69
1725545907217 0.19648724794387817 70
1725545907225 0.19331879913806915 71
1725545907233 0.21633298695087433 72
1725545907243 0.19703997671604156 73
1725545907252 0.192481130361557 74
1725545907262 0.19364117085933685 75
1725545907272 0.20044757425785065 76
1725545907282 0.1889132708311081 77
1725545907292 0.20407597720623016 78
1725545907301 0.18119604885578156 79
1725545907308 0.2167787253856659 80
1725545907315 0.2047501802444458 81
1725545907321 0.19334621727466583 82
1725545907329 0.1977880597114563 83
1725545907335 0.19695566594600677 84
1725545907343 0.19738847017288208 85
1725545907351 0.18698422610759735 86
1725545907358 0.19322162866592407 87
1725545907367 0.18010088801383972 88
1725545907377 0.19554728269577026 89
1725545907386 0.18664683401584625 90
1725545907392 0.18109121918678284 91
1725545907400 0.19010725617408752 92
1725545907406 0.18621477484703064 93
1725545907413 0.19293615221977234 94
1725545907419 0.1856938749551773 95
1725545907426 0.18602904677391052 96
1725545907433 0.18366394937038422 97
1725545907440 0.18938583135604858 98
1725545907447 0.18326185643672943 99
