1725547563639 8.152871131896973 0
1725547563646 0.6099363565444946 1
1725547563654 0.537494957447052 2
1725547563661 0.52629554271698 3
1725547563669 0.5307649374008179 4
1725547563678 0.4756929874420166 5
1725547563684 0.47329387068748474 6
1725547563693 0.44211238622665405 7
1725547563701 0.4146822690963745 8
1725547563708 0.39707785844802856 9
1725547563718 0.38083699345588684 10
1725547563729 0.3524837791919708 11
1725547563739 0.3322715163230896 12
1725547563749 0.25721535086631775 13
1725547563757 0.30054375529289246 14
1725547563766 0.26698464155197144 15
1725547563775 0.2590467035770416 16
1725547563785 0.238442525267601 17
1725547563795 0.2555846869945526 18
1725547563805 0.24751026928424835 19
1725547563815 0.266256183385849 20
1725547563824 0.2587379217147827 21
1725547563835 0.24192409217357635 22
1725547563844 0.23236699402332306 23
1725547563850 0.2458188533782959 24
1725547563857 0.23511752486228943 25
1725547563864 0.23956076800823212 26
1725547563872 0.24277421832084656 27
1725547563879 0.2492307722568512 28
1725547563886 0.2217283993959427 29
1725547563895 0.22463756799697876 30
1725547563904 0.2339577078819275 31
1725547563912 0.24163855612277985 32
1725547563920 0.2307765632867813 33
1725547563927 0.21356552839279175 34
1725547563934 0.2149825096130371 35
1725547563944 0.21216805279254913 36
1725547563951 0.2207951694726944 37
1725547563959 0.21915166079998016 38
1725547563967 0.2134566307067871 39
1725547563976 0.23197583854198456 40
1725547563983 0.2139696627855301 41
1725547563990 0.22054539620876312 42
1725547563998 0.22316424548625946 43
1725547564005 0.20194728672504425 44
1725547564012 0.2382897436618805 45
1725547564020 0.21979720890522003 46
1725547564026 0.20518438518047333 47
1725547564034 0.22437340021133423 48
1725547564043 0.21760112047195435 49
1725547564050 0.20883561670780182 50
1725547564057 0.21832704544067383 51
1725547564065 0.2296510487794876 52
1725547564072 0.206123948097229 53
1725547564080 0.20736394822597504 54
1725547564087 0.2038714587688446 55
1725547564095 0.19853009283542633 56
1725547564104 0.210379496216774 57
1725547564111 0.21107323467731476 58
1725547564120 0.19750790297985077 59
1725547564129 0.2008383572101593 60
1725547564137 0.209544837474823 61
1725547564147 0.19862405955791473 62
1725547564155 0.20917728543281555 63
1725547564163 0.2059241235256195 64
1725547564171 0.23112735152244568 65
1725547564179 0.19865964353084564 66
1725547564185 0.20440196990966797 67
1725547564192 0.19929903745651245 68
1725547564198 0.20666131377220154 69
1725547564205 0.20474418997764587 70
1725547564212 0.19956699013710022 71
1725547564219 0.18916091322898865 72
1725547564228 0.22166003286838531 73
1725547564235 0.22107967734336853 74
1725547564244 0.20676210522651672 75
1725547564252 0.20915384590625763 76
1725547564258 0.2263464331626892 77
1725547564264 0.20618851482868195 78
1725547564271 0.19730955362319946 79
1725547564277 0.20138567686080933 80
1725547564284 0.20795904099941254 81
1725547564292 0.19936200976371765 82
1725547564299 0.20990154147148132 83
1725547564308 0.20055341720581055 84
1725547564316 0.2160707414150238 85
1725547564324 0.20798461139202118 86
1725547564332 0.2078399360179901 87
1725547564340 0.20610357820987701 88
1725547564349 0.20720969140529633 89
1725547564418 0.2065066248178482 90
1725547564431 0.19963304698467255 91
1725547564444 0.19036129117012024 92
1725547564452 0.21034324169158936 93
1725547564458 0.1995447427034378 94
1725547564466 0.20001102983951569 95
1725547564475 0.20490877330303192 96
1725547564483 0.20167073607444763 97
1725547564490 0.19584254920482635 98
1725547564498 0.18267112970352173 99
