1725547529826 2.6385228633880615 0
1725547529834 0.4942704439163208 1
1725547529842 0.40673744678497314 2
1725547529851 0.296120285987854 3
1725547529858 0.2841810882091522 4
1725547529865 0.26426422595977783 5
1725547529872 0.24320301413536072 6
1725547529879 0.24567586183547974 7
1725547529887 0.24184687435626984 8
1725547529896 0.23719841241836548 9
1725547529906 0.2344980090856552 10
1725547529915 0.23549406230449677 11
1725547529923 0.22320647537708282 12
1725547529930 0.21808575093746185 13
1725547529937 0.22352860867977142 14
1725547529944 0.23697565495967865 15
1725547529951 0.2117316722869873 16
1725547529957 0.2130981832742691 17
1725547529965 0.22252890467643738 18
1725547529974 0.20990929007530212 19
1725547529983 0.22101841866970062 20
1725547529991 0.205852210521698 21
1725547529999 0.20236125588417053 22
1725547530007 0.21958205103874207 23
1725547530016 0.20019972324371338 24
1725547530026 0.19625604152679443 25
1725547530035 0.20954681932926178 26
1725547530045 0.2113768607378006 27
1725547530054 0.20922349393367767 28
1725547530064 0.20468124747276306 29
1725547530074 0.21118025481700897 30
1725547530083 0.19540074467658997 31
1725547530090 0.20115573704242706 32
1725547530099 0.1975482851266861 33
1725547530109 0.1970425844192505 34
1725547530119 0.20432062447071075 35
1725547530127 0.19771136343479156 36
1725547530134 0.19280023872852325 37
1725547530140 0.19661663472652435 38
1725547530147 0.19373637437820435 39
1725547530156 0.19831587374210358 40
1725547530165 0.193385511636734 41
1725547530174 0.2035514861345291 42
1725547530182 0.1950312703847885 43
1725547530190 0.1914006620645523 44
1725547530196 0.18662135303020477 45
1725547530203 0.19613376259803772 46
1725547530210 0.19070953130722046 47
1725547530217 0.18933682143688202 48
1725547530228 0.18332843482494354 49
1725547530236 0.1853705197572708 50
1725547530245 0.1936568021774292 51
1725547530255 0.1890919953584671 52
1725547530265 0.18876342475414276 53
1725547530276 0.1826421618461609 54
1725547530286 0.18482892215251923 55
1725547530295 0.18644338846206665 56
1725547530304 0.17976932227611542 57
1725547530311 0.18524588644504547 58
1725547530319 0.17977406084537506 59
1725547530328 0.1758931577205658 60
1725547530335 0.17365537583827972 61
1725547530343 0.17909029126167297 62
1725547530349 0.17775574326515198 63
1725547530358 0.1726035475730896 64
1725547530366 0.17568740248680115 65
1725547530374 0.16924716532230377 66
1725547530381 0.16376008093357086 67
1725547530391 0.17772355675697327 68
1725547530400 0.17657922208309174 69
1725547530408 0.1700473129749298 70
1725547530418 0.16568486392498016 71
1725547530428 0.16701699793338776 72
1725547530437 0.1640550047159195 73
1725547530445 0.16433550417423248 74
1725547530451 0.1621936410665512 75
1725547530458 0.16315767168998718 76
1725547530465 0.16213785111904144 77
1725547530472 0.15859872102737427 78
1725547530482 0.1568375527858734 79
1725547530493 0.15604352951049805 80
1725547530503 0.1614842265844345 81
1725547530513 0.15642070770263672 82
1725547530520 0.16039161384105682 83
1725547530527 0.15037423372268677 84
1725547530536 0.15171857178211212 85
1725547530544 0.1525518149137497 86
1725547530552 0.15091481804847717 87
1725547530560 0.15277959406375885 88
1725547530566 0.15246938169002533 89
1725547530574 0.15415994822978973 90
1725547530583 0.15007345378398895 91
1725547530591 0.1463635414838791 92
1725547530601 0.1473611295223236 93
1725547530612 0.14400021731853485 94
1725547530622 0.14246755838394165 95
1725547530632 0.14657151699066162 96
1725547530642 0.14037133753299713 97
1725547530653 0.13966098427772522 98
1725547530664 0.14266420900821686 99
