1725546366993 23.270734786987305 0
1725546367000 1.3476693630218506 1
1725546367008 0.998153805732727 2
1725546367015 0.5083877444267273 3
1725546367023 0.6095922589302063 4
1725546367029 0.4624598026275635 5
1725546367036 0.5246000289916992 6
1725546367043 0.45583921670913696 7
1725546367051 0.4895657002925873 8
1725546367060 0.46085476875305176 9
1725546367070 0.4561343193054199 10
1725546367079 0.4872741997241974 11
1725546367089 0.41051074862480164 12
1725546367097 0.4467686712741852 13
1725546367104 0.4438808560371399 14
1725546367111 0.46261656284332275 15
1725546367118 0.4115789532661438 16
1725546367124 0.4787714183330536 17
1725546367132 0.4192635715007782 18
1725546367139 0.41320106387138367 19
1725546367147 0.4033936858177185 20
1725546367153 0.3930395841598511 21
1725546367161 0.38686704635620117 22
1725546367168 0.3888070583343506 23
1725546367175 0.3672431409358978 24
1725546367182 0.3819262385368347 25
1725546367189 0.38047003746032715 26
1725546367197 0.3303668797016144 27
1725546367203 0.33232811093330383 28
1725546367211 0.29630154371261597 29
1725546367217 0.30142495036125183 30
1725546367226 0.2923527956008911 31
1725546367234 0.32270002365112305 32
1725546367242 0.2978890836238861 33
1725546367249 0.290255606174469 34
1725546367255 0.297284334897995 35
1725546367262 0.3488522171974182 36
1725546367270 0.3389432728290558 37
1725546367277 0.3000941276550293 38
1725546367284 0.2655309736728668 39
1725546367291 0.28733426332473755 40
1725546367298 0.2561683654785156 41
1725546367305 0.27505841851234436 42
1725546367312 0.2510937452316284 43
1725546367318 0.24212658405303955 44
1725546367326 0.22193460166454315 45
1725546367333 0.24080269038677216 46
1725546367340 0.24907466769218445 47
1725546367347 0.22337932884693146 48
1725546367354 0.25906574726104736 49
1725546367362 0.2295686900615692 50
1725546367371 0.23007963597774506 51
1725546367379 0.2299574464559555 52
1725546367386 0.2532116770744324 53
1725546367393 0.23181822896003723 54
1725546367401 0.260413259267807 55
1725546367411 0.2987411916255951 56
1725546367417 0.2251816838979721 57
1725546367424 0.24776007235050201 58
1725546367432 0.22934259474277496 59
1725546367443 0.24883262813091278 60
1725546367451 0.22811713814735413 61
1725546367459 0.21807439625263214 62
1725546367466 0.19306433200836182 63
1725546367472 0.2153441458940506 64
1725546367480 0.2259804904460907 65
1725546367487 0.20344561338424683 66
1725546367495 0.24450165033340454 67
1725546367503 0.20792844891548157 68
1725546367510 0.24481524527072906 69
1725546367518 0.22866548597812653 70
1725546367525 0.2555697560310364 71
1725546367532 0.2344544529914856 72
1725546367539 0.208657369017601 73
1725546367547 0.2413402795791626 74
1725546367555 0.22335468232631683 75
1725546367563 0.22692818939685822 76
1725546367571 0.22226832807064056 77
1725546367579 0.2425747960805893 78
1725546367586 0.21094617247581482 79
1725546367595 0.21139399707317352 80
1725546367602 0.21140950918197632 81
1725546367609 0.21939589083194733 82
1725546367616 0.21113020181655884 83
1725546367623 0.18944761157035828 84
1725546367631 0.21564620733261108 85
1725546367639 0.21270310878753662 86
1725546367649 0.22986292839050293 87
1725546367658 0.21334977447986603 88
1725546367664 0.20164935290813446 89
1725546367674 0.22156338393688202 90
1725546367682 0.20464973151683807 91
1725546367691 0.20869366824626923 92
1725546367697 0.21642766892910004 93
1725546367704 0.2216603308916092 94
1725546367712 0.2016843557357788 95
1725546367718 0.2067754864692688 96
1725546367726 0.19987702369689941 97
1725546367732 0.1947253942489624 98
1725546367739 0.22829383611679077 99
