1725546469473 9.670587539672852 0
1725546469481 0.602116048336029 1
1725546469488 0.48696744441986084 2
1725546469495 0.45605573058128357 3
1725546469502 0.4796292781829834 4
1725546469508 0.4414404332637787 5
1725546469515 0.43347349762916565 6
1725546469521 0.4460802674293518 7
1725546469529 0.4295365810394287 8
1725546469536 0.3979001045227051 9
1725546469543 0.3967761993408203 10
1725546469551 0.40039247274398804 11
1725546469558 0.3749846816062927 12
1725546469568 0.36875516176223755 13
1725546469576 0.3351251184940338 14
1725546469582 0.3126365542411804 15
1725546469589 0.2875836193561554 16
1725546469596 0.285866916179657 17
1725546469604 0.3147396743297577 18
1725546469613 0.29049184918403625 19
1725546469622 0.24201279878616333 20
1725546469628 0.27946725487709045 21
1725546469634 0.3179100453853607 22
1725546469641 0.26149845123291016 23
1725546469650 0.2508542239665985 24
1725546469658 0.25190314650535583 25
1725546469667 0.2336062341928482 26
1725546469677 0.27608880400657654 27
1725546469687 0.21976150572299957 28
1725546469697 0.2365013062953949 29
1725546469707 0.22806239128112793 30
1725546469717 0.24688929319381714 31
1725546469727 0.2317056506872177 32
1725546469737 0.22886741161346436 33
1725546469746 0.22040870785713196 34
1725546469753 0.23708884418010712 35
1725546469760 0.2364235520362854 36
1725546469769 0.2301071435213089 37
1725546469776 0.221011683344841 38
1725546469786 0.2200768142938614 39
1725546469797 0.2391163408756256 40
1725546469807 0.23004913330078125 41
1725546469817 0.24113492667675018 42
1725546469827 0.22056132555007935 43
1725546469838 0.20530226826667786 44
1725546469849 0.21479684114456177 45
1725546469859 0.22192981839179993 46
1725546469869 0.24317622184753418 47
1725546469878 0.22451940178871155 48
1725546469888 0.21401521563529968 49
1725546469898 0.20715026557445526 50
1725546469909 0.22540126740932465 51
1725546469918 0.2181532382965088 52
1725546469927 0.2197025716304779 53
1725546469936 0.2085789144039154 54
1725546469944 0.2115204930305481 55
1725546469952 0.19537225365638733 56
1725546469962 0.1963411122560501 57
1725546469972 0.19185423851013184 58
1725546469982 0.21626606583595276 59
1725546469992 0.2157931923866272 60
1725546470002 0.20473453402519226 61
1725546470011 0.21362729370594025 62
1725546470019 0.21362324059009552 63
1725546470029 0.20031027495861053 64
1725546470038 0.21703268587589264 65
1725546470046 0.2134695053100586 66
1725546470056 0.20428256690502167 67
1725546470064 0.20148345828056335 68
1725546470072 0.19074717164039612 69
1725546470082 0.20187319815158844 70
1725546470092 0.20547780394554138 71
1725546470102 0.2104223072528839 72
1725546470112 0.2077244222164154 73
1725546470122 0.21436506509780884 74
1725546470131 0.19124117493629456 75
1725546470142 0.2085535228252411 76
1725546470151 0.21211008727550507 77
1725546470161 0.19722165167331696 78
1725546470171 0.19109025597572327 79
1725546470182 0.19965657591819763 80
1725546470192 0.19132252037525177 81
1725546470201 0.20599393546581268 82
1725546470212 0.2109864056110382 83
1725546470222 0.20030732452869415 84
1725546470233 0.20844385027885437 85
1725546470243 0.19459427893161774 86
1725546470254 0.18472927808761597 87
1725546470263 0.19554372131824493 88
1725546470273 0.1892404705286026 89
1725546470282 0.2047623246908188 90
1725546470292 0.1914457380771637 91
1725546470301 0.1911277323961258 92
1725546470310 0.21455137431621552 93
1725546470320 0.18220673501491547 94
1725546470328 0.20941507816314697 95
1725546470336 0.2012367695569992 96
1725546470345 0.2098858803510666 97
1725546470353 0.2095981389284134 98
1725546470361 0.2083488255739212 99
