1725544550416 17.77373695373535 0
1725544550424 0.9262922406196594 1
1725544550432 0.7928279042243958 2
1725544550440 0.6882868409156799 3
1725544550447 0.5859310030937195 4
1725544550453 0.48099640011787415 5
1725544550460 0.5126689076423645 6
1725544550467 0.5348377823829651 7
1725544550474 0.5023567080497742 8
1725544550481 0.43639877438545227 9
1725544550487 0.4646834433078766 10
1725544550494 0.4855388104915619 11
1725544550502 0.45416271686553955 12
1725544550508 0.49007177352905273 13
1725544550516 0.4356725215911865 14
1725544550523 0.44151416420936584 15
1725544550529 0.48987138271331787 16
1725544550536 0.44216597080230713 17
1725544550543 0.4572966396808624 18
1725544550550 0.39661991596221924 19
1725544550556 0.38237398862838745 20
1725544550564 0.3711611330509186 21
1725544550573 0.3753212094306946 22
1725544550582 0.39172759652137756 23
1725544550590 0.4129193425178528 24
1725544550597 0.3439606726169586 25
1725544550603 0.3370981812477112 26
1725544550610 0.2926178276538849 27
1725544550617 0.3072390556335449 28
1725544550624 0.3011303246021271 29
1725544550632 0.2957969903945923 30
1725544550638 0.27848687767982483 31
1725544550645 0.2651732563972473 32
1725544550652 0.3212844133377075 33
1725544550658 0.24481073021888733 34
1725544550665 0.26072344183921814 35
1725544550671 0.24936111271381378 36
1725544550678 0.26078587770462036 37
1725544550684 0.24879056215286255 38
1725544550691 0.24820081889629364 39
1725544550697 0.24833783507347107 40
1725544550704 0.23910358548164368 41
1725544550714 0.24380528926849365 42
1725544550721 0.24792003631591797 43
1725544550728 0.25819820165634155 44
1725544550735 0.24843217432498932 45
1725544550745 0.22236505150794983 46
1725544550753 0.2176433503627777 47
1725544550760 0.25890806317329407 48
1725544550767 0.19053524732589722 49
1725544550774 0.24830450117588043 50
1725544550781 0.2364848256111145 51
1725544550788 0.26221856474876404 52
1725544550796 0.2642853260040283 53
1725544550803 0.2288927137851715 54
1725544550809 0.22656913101673126 55
1725544550816 0.20629370212554932 56
1725544550822 0.22998635470867157 57
1725544550830 0.24477234482765198 58
1725544550837 0.24595153331756592 59
1725544550844 0.2648962736129761 60
1725544550850 0.23303920030593872 61
1725544550857 0.22280080616474152 62
1725544550863 0.24305982887744904 63
1725544550872 0.24887865781784058 64
1725544550879 0.26298218965530396 65
1725544550889 0.2676190733909607 66
1725544550897 0.2628886103630066 67
1725544550904 0.25970712304115295 68
1725544550910 0.2353331297636032 69
1725544550917 0.20907610654830933 70
1725544550924 0.22014498710632324 71
1725544550931 0.22930073738098145 72
1725544550938 0.2200259119272232 73
1725544550945 0.22681351006031036 74
1725544550952 0.21641355752944946 75
1725544550959 0.21134743094444275 76
1725544550967 0.24262677133083344 77
1725544550973 0.23087213933467865 78
1725544550981 0.21253067255020142 79
1725544550989 0.20097047090530396 80
1725544550997 0.2375217229127884 81
1725544551005 0.22917358577251434 82
1725544551012 0.21167264878749847 83
1725544551020 0.21804770827293396 84
1725544551027 0.19764530658721924 85
1725544551035 0.24110455811023712 86
1725544551041 0.23273347318172455 87
1725544551048 0.23444819450378418 88
1725544551054 0.18119917809963226 89
1725544551061 0.21196800470352173 90
1725544551067 0.20353353023529053 91
1725544551074 0.21442437171936035 92
1725544551081 0.2144758105278015 93
1725544551087 0.2134816199541092 94
1725544551094 0.19297052919864655 95
1725544551101 0.18243752419948578 96
1725544551108 0.19062364101409912 97
1725544551116 0.19660401344299316 98
1725544551124 0.1981285810470581 99
