1725547153008 15.945719718933105 0
1725547153017 0.8495715856552124 1
1725547153024 0.6444185376167297 2
1725547153032 0.579892098903656 3
1725547153039 0.5384752750396729 4
1725547153046 0.5502604246139526 5
1725547153053 0.5180204510688782 6
1725547153060 0.4666892886161804 7
1725547153067 0.5161561965942383 8
1725547153074 0.5081284642219543 9
1725547153084 0.49125170707702637 10
1725547153091 0.44512471556663513 11
1725547153101 0.4575941860675812 12
1725547153108 0.4480503499507904 13
1725547153114 0.4161005914211273 14
1725547153124 0.395548015832901 15
1725547153133 0.3584425747394562 16
1725547153140 0.34255990386009216 17
1725547153146 0.3353114426136017 18
1725547153154 0.3571385145187378 19
1725547153161 0.3123038411140442 20
1725547153167 0.30462148785591125 21
1725547153175 0.28821587562561035 22
1725547153183 0.30938342213630676 23
1725547153192 0.31443965435028076 24
1725547153201 0.3037625849246979 25
1725547153209 0.28628626465797424 26
1725547153216 0.2999538481235504 27
1725547153226 0.2852051556110382 28
1725547153234 0.3193846344947815 29
1725547153241 0.25646910071372986 30
1725547153251 0.260265588760376 31
1725547153259 0.2556760013103485 32
1725547153266 0.2761861979961395 33
1725547153273 0.2788156270980835 34
1725547153280 0.26456522941589355 35
1725547153287 0.2815565764904022 36
1725547153295 0.27796077728271484 37
1725547153303 0.27254247665405273 38
1725547153312 0.26353228092193604 39
1725547153319 0.24946026504039764 40
1725547153329 0.25534766912460327 41
1725547153338 0.24343974888324738 42
1725547153348 0.264592707157135 43
1725547153357 0.2671756446361542 44
1725547153366 0.23651953041553497 45
1725547153376 0.24730654060840607 46
1725547153385 0.21876364946365356 47
1725547153394 0.23211148381233215 48
1725547153404 0.23210199177265167 49
1725547153413 0.23875311017036438 50
1725547153422 0.24156130850315094 51
1725547153431 0.23353727161884308 52
1725547153439 0.2563377618789673 53
1725547153447 0.24870066344738007 54
1725547153458 0.23791146278381348 55
1725547153469 0.22735518217086792 56
1725547153480 0.23051351308822632 57
1725547153490 0.22683067619800568 58
1725547153500 0.23248291015625 59
1725547153510 0.22883307933807373 60
1725547153520 0.27160269021987915 61
1725547153530 0.24884848296642303 62
1725547153542 0.23592598736286163 63
1725547153550 0.23021812736988068 64
1725547153558 0.24054554104804993 65
1725547153566 0.24594992399215698 66
1725547153577 0.22348733246326447 67
1725547153588 0.24056120216846466 68
1725547153597 0.253208190202713 69
1725547153607 0.24683968722820282 70
1725547153616 0.2131846696138382 71
1725547153625 0.242558553814888 72
1725547153634 0.23489783704280853 73
1725547153641 0.21298836171627045 74
1725547153649 0.24128147959709167 75
1725547153658 0.21384111046791077 76
1725547153665 0.21012289822101593 77
1725547153674 0.23491515219211578 78
1725547153683 0.21740180253982544 79
1725547153692 0.24300388991832733 80
1725547153700 0.2141386866569519 81
1725547153708 0.2272295355796814 82
1725547153715 0.2150169163942337 83
1725547153723 0.22885264456272125 84
1725547153731 0.23282086849212646 85
1725547153740 0.22634130716323853 86
1725547153751 0.24328991770744324 87
1725547153764 0.22744546830654144 88
1725547153772 0.21673689782619476 89
1725547153784 0.2393800914287567 90
1725547153791 0.22471973299980164 91
1725547153798 0.226423442363739 92
1725547153804 0.22803254425525665 93
1725547153811 0.21718770265579224 94
1725547153818 0.22933636605739594 95
1725547153825 0.23581291735172272 96
1725547153835 0.22669433057308197 97
1725547153842 0.2188596874475479 98
1725547153848 0.2286398857831955 99
