1725544781979 4.541423320770264 0
1725544781988 0.5773861408233643 1
1725544781995 0.5373881459236145 2
1725544782001 0.5333799719810486 3
1725544782009 0.4480317234992981 4
1725544782018 0.4252699315547943 5
1725544782026 0.36451005935668945 6
1725544782034 0.29307329654693604 7
1725544782041 0.29893311858177185 8
1725544782050 0.2928008735179901 9
1725544782056 0.3033609390258789 10
1725544782065 0.2698809504508972 11
1725544782072 0.26221877336502075 12
1725544782078 0.24888138473033905 13
1725544782084 0.26772770285606384 14
1725544782091 0.27266135811805725 15
1725544782098 0.23833522200584412 16
1725544782105 0.2533692717552185 17
1725544782114 0.24740514159202576 18
1725544782121 0.23263844847679138 19
1725544782127 0.24356526136398315 20
1725544782135 0.23012731969356537 21
1725544782144 0.22938770055770874 22
1725544782153 0.21458853781223297 23
1725544782161 0.22832424938678741 24
1725544782170 0.23227331042289734 25
1725544782177 0.22775182127952576 26
1725544782187 0.23356381058692932 27
1725544782196 0.22115164995193481 28
1725544782205 0.21796754002571106 29
1725544782214 0.2178395688533783 30
1725544782222 0.208578959107399 31
1725544782229 0.22434170544147491 32
1725544782239 0.2246679961681366 33
1725544782249 0.21639075875282288 34
1725544782258 0.21605849266052246 35
1725544782264 0.22376103699207306 36
1725544782273 0.2198404222726822 37
1725544782281 0.20708182454109192 38
1725544782291 0.21452730894088745 39
1725544782299 0.20641982555389404 40
1725544782306 0.2187919020652771 41
1725544782315 0.2072097808122635 42
1725544782322 0.2091807723045349 43
1725544782329 0.19322295486927032 44
1725544782336 0.20688921213150024 45
1725544782342 0.20447935163974762 46
1725544782348 0.21387584507465363 47
1725544782354 0.2202042043209076 48
1725544782361 0.20595048367977142 49
1725544782368 0.20568418502807617 50
1725544782374 0.21328257024288177 51
1725544782382 0.2077122926712036 52
1725544782390 0.20275984704494476 53
1725544782400 0.2211858481168747 54
1725544782408 0.20091329514980316 55
1725544782417 0.20275373756885529 56
1725544782424 0.2024572491645813 57
1725544782434 0.20120644569396973 58
1725544782440 0.20190328359603882 59
1725544782446 0.20882423222064972 60
1725544782454 0.21662507951259613 61
1725544782463 0.21982501447200775 62
1725544782472 0.19809415936470032 63
1725544782478 0.19855724275112152 64
1725544782484 0.22851191461086273 65
1725544782493 0.21592944860458374 66
1725544782500 0.21346573531627655 67
1725544782508 0.20119713246822357 68
1725544782518 0.20088288187980652 69
1725544782524 0.198326975107193 70
1725544782532 0.2317899912595749 71
1725544782540 0.20149268209934235 72
1725544782549 0.18329443037509918 73
1725544782558 0.19830022752285004 74
1725544782568 0.19907869398593903 75
1725544782575 0.18787741661071777 76
1725544782581 0.18833395838737488 77
1725544782591 0.20009593665599823 78
1725544782601 0.19622887670993805 79
1725544782609 0.20178325474262238 80
1725544782617 0.1883000284433365 81
1725544782626 0.17467336356639862 82
1725544782634 0.18741722404956818 83
1725544782643 0.19482795894145966 84
1725544782652 0.17757481336593628 85
1725544782662 0.17873981595039368 86
1725544782669 0.18002749979496002 87
1725544782676 0.195301353931427 88
1725544782683 0.17628395557403564 89
1725544782691 0.20058098435401917 90
1725544782699 0.20224174857139587 91
1725544782707 0.19865019619464874 92
1725544782715 0.18583187460899353 93
1725544782721 0.1805596947669983 94
1725544782729 0.20461681485176086 95
1725544782739 0.1848665028810501 96
1725544782747 0.17096108198165894 97
1725544782756 0.1892666518688202 98
1725544782765 0.1844911128282547 99
