1725545959648 6.307987689971924 0
1725545959655 0.5510216951370239 1
1725545959663 0.5230236053466797 2
1725545959671 0.5026130676269531 3
1725545959679 0.4460776150226593 4
1725545959686 0.4133473336696625 5
1725545959694 0.38277411460876465 6
1725545959700 0.32018688321113586 7
1725545959708 0.29585862159729004 8
1725545959715 0.30617573857307434 9
1725545959722 0.2659681737422943 10
1725545959728 0.25976288318634033 11
1725545959736 0.2755337953567505 12
1725545959744 0.2432340383529663 13
1725545959753 0.23981288075447083 14
1725545959761 0.24460121989250183 15
1725545959769 0.23077726364135742 16
1725545959776 0.25543415546417236 17
1725545959783 0.21981683373451233 18
1725545959793 0.2488498091697693 19
1725545959800 0.2225603312253952 20
1725545959808 0.22776289284229279 21
1725545959816 0.23919163644313812 22
1725545959822 0.213352233171463 23
1725545959830 0.22223378717899323 24
1725545959837 0.19562076032161713 25
1725545959844 0.22238638997077942 26
1725545959850 0.22636300325393677 27
1725545959858 0.21613352000713348 28
1725545959867 0.21324770152568817 29
1725545959876 0.2220381796360016 30
1725545959885 0.21372073888778687 31
1725545959893 0.2183460295200348 32
1725545959900 0.2127901315689087 33
1725545959910 0.20341035723686218 34
1725545959919 0.21579024195671082 35
1725545959925 0.21939215064048767 36
1725545959932 0.22015134990215302 37
1725545959939 0.2123733013868332 38
1725545959947 0.2256849706172943 39
1725545959956 0.2120322287082672 40
1725545959965 0.21923339366912842 41
1725545959973 0.2097870260477066 42
1725545959979 0.21709288656711578 43
1725545959988 0.2323044240474701 44
1725545959996 0.21981118619441986 45
1725545960004 0.2141074240207672 46
1725545960011 0.2105456441640854 47
1725545960017 0.2317723035812378 48
1725545960027 0.21591614186763763 49
1725545960036 0.20826368033885956 50
1725545960045 0.20996049046516418 51
1725545960052 0.21005526185035706 52
1725545960058 0.20124755799770355 53
1725545960068 0.2079172432422638 54
1725545960076 0.20859597623348236 55
1725545960085 0.2181997001171112 56
1725545960092 0.20124922692775726 57
1725545960101 0.20967170596122742 58
1725545960111 0.19744108617305756 59
1725545960120 0.20377160608768463 60
1725545960128 0.199179008603096 61
1725545960137 0.20077085494995117 62
1725545960144 0.2012256681919098 63
1725545960151 0.20629364252090454 64
1725545960158 0.2001207023859024 65
1725545960165 0.19715306162834167 66
1725545960172 0.20500047504901886 67
1725545960178 0.2031417340040207 68
1725545960185 0.18716679513454437 69
1725545960192 0.19582754373550415 70
1725545960198 0.19341588020324707 71
1725545960205 0.19254040718078613 72
1725545960213 0.19402582943439484 73
1725545960221 0.20635077357292175 74
1725545960228 0.2036733776330948 75
1725545960235 0.20445600152015686 76
1725545960244 0.20001623034477234 77
1725545960256 0.19661784172058105 78
1725545960267 0.20117127895355225 79
1725545960279 0.1885797530412674 80
1725545960288 0.19777977466583252 81
1725545960298 0.19339445233345032 82
1725545960306 0.20286515355110168 83
1725545960313 0.18713492155075073 84
1725545960318 0.18246017396450043 85
1725545960326 0.20410530269145966 86
1725545960333 0.1909063309431076 87
1725545960342 0.18921656906604767 88
1725545960348 0.19138678908348083 89
1725545960355 0.1947617083787918 90
1725545960361 0.19439102709293365 91
1725545960367 0.19420966506004333 92
1725545960374 0.1784544438123703 93
1725545960381 0.17711973190307617 94
1725545960388 0.1885840892791748 95
1725545960397 0.17890691757202148 96
1725545960405 0.19016976654529572 97
1725545960412 0.1775386780500412 98
1725545960419 0.19167695939540863 99
