1725546992093 8.573343276977539 0
1725546992101 0.7394586205482483 1
1725546992108 0.5671862363815308 2
1725546992116 0.5339285135269165 3
1725546992124 0.48840516805648804 4
1725546992130 0.4464276432991028 5
1725546992138 0.49467790126800537 6
1725546992145 0.4890693426132202 7
1725546992153 0.4451005160808563 8
1725546992159 0.4458417594432831 9
1725546992167 0.40101322531700134 10
1725546992174 0.4168899357318878 11
1725546992181 0.3782125413417816 12
1725546992188 0.36533793807029724 13
1725546992195 0.3697332441806793 14
1725546992201 0.3439846336841583 15
1725546992208 0.3208653926849365 16
1725546992216 0.2969742715358734 17
1725546992223 0.29290518164634705 18
1725546992230 0.2743789851665497 19
1725546992239 0.28537997603416443 20
1725546992246 0.26198267936706543 21
1725546992254 0.24960677325725555 22
1725546992260 0.2489783763885498 23
1725546992267 0.24490104615688324 24
1725546992276 0.2778148949146271 25
1725546992284 0.2594780921936035 26
1725546992292 0.2706305682659149 27
1725546992298 0.25738924741744995 28
1725546992306 0.21302363276481628 29
1725546992313 0.23266065120697021 30
1725546992321 0.21645285189151764 31
1725546992328 0.22875986993312836 32
1725546992337 0.23174728453159332 33
1725546992345 0.23107104003429413 34
1725546992354 0.24317094683647156 35
1725546992361 0.2187047004699707 36
1725546992367 0.22280365228652954 37
1725546992374 0.22358138859272003 38
1725546992381 0.22011227905750275 39
1725546992388 0.20327842235565186 40
1725546992394 0.2187579870223999 41
1725546992401 0.23769943416118622 42
1725546992408 0.2377254217863083 43
1725546992417 0.2434324473142624 44
1725546992426 0.24093635380268097 45
1725546992434 0.234682098031044 46
1725546992441 0.24059876799583435 47
1725546992449 0.22402100265026093 48
1725546992456 0.2065066695213318 49
1725546992463 0.20137213170528412 50
1725546992470 0.20710544288158417 51
1725546992477 0.2427518218755722 52
1725546992484 0.24542437493801117 53
1725546992493 0.20870836079120636 54
1725546992500 0.2165992707014084 55
1725546992507 0.20244261622428894 56
1725546992514 0.22446157038211823 57
1725546992522 0.22114858031272888 58
1725546992529 0.20597362518310547 59
1725546992537 0.21563446521759033 60
1725546992545 0.21210986375808716 61
1725546992552 0.2235250174999237 62
1725546992559 0.20072318613529205 63
1725546992566 0.20212842524051666 64
1725546992572 0.20861653983592987 65
1725546992580 0.2050086259841919 66
1725546992587 0.2124732881784439 67
1725546992594 0.1844230443239212 68
1725546992601 0.20477139949798584 69
1725546992608 0.208596333861351 70
1725546992615 0.23178349435329437 71
1725546992623 0.2111380696296692 72
1725546992630 0.19311051070690155 73
1725546992638 0.2041199505329132 74
1725546992645 0.2149481177330017 75
1725546992651 0.2031869888305664 76
1725546992661 0.2164190113544464 77
1725546992669 0.23724544048309326 78
1725546992675 0.2511196434497833 79
1725546992682 0.1995273232460022 80
1725546992689 0.2111324965953827 81
1725546992696 0.21338893473148346 82
1725546992707 0.21463926136493683 83
1725546992716 0.20124970376491547 84
1725546992724 0.2019161581993103 85
1725546992733 0.20640163123607635 86
1725546992741 0.19784633815288544 87
1725546992748 0.19965101778507233 88
1725546992756 0.20000751316547394 89
1725546992766 0.20111054182052612 90
1725546992777 0.17170611023902893 91
1725546992784 0.21573825180530548 92
1725546992793 0.19464994966983795 93
1725546992802 0.19714553654193878 94
1725546992812 0.20029467344284058 95
1725546992820 0.20256789028644562 96
1725546992827 0.21409417688846588 97
1725546992833 0.2035267949104309 98
1725546992840 0.2071690708398819 99
