1725546121929 1.8226678371429443 0
1725546121938 0.4443676173686981 1
1725546121945 0.2742483615875244 2
1725546121952 0.24896854162216187 3
1725546121959 0.23508669435977936 4
1725546121967 0.2337317168712616 5
1725546121974 0.23278655111789703 6
1725546121982 0.21056947112083435 7
1725546121989 0.2276390939950943 8
1725546121996 0.21264618635177612 9
1725546122003 0.2071247398853302 10
1725546122010 0.20826250314712524 11
1725546122018 0.20187266170978546 12
1725546122024 0.20152467489242554 13
1725546122030 0.19873188436031342 14
1725546122037 0.2021752893924713 15
1725546122045 0.2027052938938141 16
1725546122054 0.19740575551986694 17
1725546122063 0.19358931481838226 18
1725546122073 0.19195163249969482 19
1725546122081 0.18816666305065155 20
1725546122088 0.189244344830513 21
1725546122095 0.1820915937423706 22
1725546122102 0.1888195276260376 23
1725546122109 0.18362411856651306 24
1725546122118 0.18678312003612518 25
1725546122128 0.19365841150283813 26
1725546122135 0.1818268895149231 27
1725546122145 0.17890681326389313 28
1725546122152 0.18248774111270905 29
1725546122158 0.1766950786113739 30
1725546122167 0.1747463047504425 31
1725546122174 0.1800321489572525 32
1725546122180 0.182540625333786 33
1725546122189 0.1834018975496292 34
1725546122197 0.16788727045059204 35
1725546122204 0.1698712259531021 36
1725546122212 0.17159484326839447 37
1725546122220 0.17476217448711395 38
1725546122227 0.16636089980602264 39
1725546122234 0.17344635725021362 40
1725546122240 0.1616191565990448 41
1725546122246 0.16602583229541779 42
1725546122253 0.1657165139913559 43
1725546122261 0.1656544804573059 44
1725546122268 0.16238141059875488 45
1725546122275 0.16413728892803192 46
1725546122283 0.1569676250219345 47
1725546122291 0.15843865275382996 48
1725546122298 0.1582300066947937 49
1725546122304 0.1563248485326767 50
1725546122310 0.15605276823043823 51
1725546122317 0.15027937293052673 52
1725546122324 0.15146706998348236 53
1725546122332 0.1490827053785324 54
1725546122341 0.14864389598369598 55
1725546122349 0.15421557426452637 56
1725546122358 0.14527633786201477 57
1725546122366 0.14168746769428253 58
1725546122374 0.1456286758184433 59
1725546122380 0.14970052242279053 60
1725546122389 0.14132164418697357 61
1725546122399 0.14455780386924744 62
1725546122408 0.13883870840072632 63
1725546122418 0.13992705941200256 64
1725546122427 0.13455745577812195 65
1725546122436 0.14394186437129974 66
1725546122445 0.13790777325630188 67
1725546122454 0.13432689011096954 68
1725546122465 0.12807701528072357 69
1725546122473 0.1345435231924057 70
1725546122480 0.13423800468444824 71
1725546122487 0.12975814938545227 72
1725546122494 0.130448579788208 73
1725546122502 0.12354231625795364 74
1725546122509 0.12862683832645416 75
1725546122515 0.12371686100959778 76
1725546122522 0.12834765017032623 77
1725546122530 0.1280992031097412 78
1725546122538 0.12531062960624695 79
1725546122547 0.12406034022569656 80
1725546122555 0.11711728572845459 81
1725546122561 0.1226133331656456 82
1725546122568 0.11718028783798218 83
1725546122575 0.12070240825414658 84
1725546122581 0.11728009581565857 85
1725546122588 0.11331196874380112 86
1725546122594 0.12080682069063187 87
1725546122603 0.12118098139762878 88
1725546122611 0.11114803701639175 89
1725546122619 0.11128650605678558 90
1725546122628 0.1089359000325203 91
1725546122637 0.10928493738174438 92
1725546122647 0.10973662883043289 93
1725546122656 0.10857846587896347 94
1725546122665 0.10787361860275269 95
1725546122675 0.10347187519073486 96
1725546122685 0.10654570907354355 97
1725546122694 0.10319384932518005 98
1725546122704 0.10429967939853668 99
