1725546912800 13.61719036102295 0
1725546912808 0.9244043827056885 1
1725546912815 0.5560543537139893 2
1725546912821 0.5353251695632935 3
1725546912829 0.47601431608200073 4
1725546912835 0.504452109336853 5
1725546912842 0.5609782934188843 6
1725546912848 0.4794250726699829 7
1725546912856 0.485835999250412 8
1725546912863 0.464777410030365 9
1725546912869 0.44256117939949036 10
1725546912876 0.42784032225608826 11
1725546912885 0.4264698624610901 12
1725546912894 0.41931915283203125 13
1725546912903 0.3846716284751892 14
1725546912913 0.40017417073249817 15
1725546912922 0.37079235911369324 16
1725546912929 0.30550938844680786 17
1725546912938 0.3692547678947449 18
1725546912947 0.3525661826133728 19
1725546912957 0.3277943432331085 20
1725546912966 0.29098013043403625 21
1725546912973 0.2986714243888855 22
1725546912981 0.2881365418434143 23
1725546912989 0.27626481652259827 24
1725546912998 0.28156375885009766 25
1725546913008 0.29944345355033875 26
1725546913015 0.2755526602268219 27
1725546913025 0.2660280764102936 28
1725546913035 0.25482499599456787 29
1725546913044 0.2670203745365143 30
1725546913053 0.2571086883544922 31
1725546913061 0.2497493028640747 32
1725546913069 0.25740107893943787 33
1725546913078 0.24744252860546112 34
1725546913085 0.32825034856796265 35
1725546913091 0.2783469557762146 36
1725546913099 0.2965739965438843 37
1725546913106 0.2548060417175293 38
1725546913115 0.2316901534795761 39
1725546913124 0.2355809211730957 40
1725546913131 0.2591281533241272 41
1725546913138 0.2418743371963501 42
1725546913148 0.23941223323345184 43
1725546913155 0.25034475326538086 44
1725546913163 0.23563359677791595 45
1725546913173 0.2488519549369812 46
1725546913180 0.2390303611755371 47
1725546913191 0.23363828659057617 48
1725546913197 0.24346113204956055 49
1725546913203 0.23532500863075256 50
1725546913212 0.21816207468509674 51
1725546913221 0.2242899239063263 52
1725546913230 0.227729931473732 53
1725546913240 0.21492449939250946 54
1725546913249 0.21941140294075012 55
1725546913259 0.19854910671710968 56
1725546913268 0.20357996225357056 57
1725546913278 0.19667156040668488 58
1725546913289 0.22376404702663422 59
1725546913296 0.21557563543319702 60
1725546913306 0.21669520437717438 61
1725546913313 0.23867636919021606 62
1725546913321 0.22051550447940826 63
1725546913327 0.23352591693401337 64
1725546913336 0.19385725259780884 65
1725546913344 0.2207413911819458 66
1725546913351 0.20042233169078827 67
1725546913360 0.21437333524227142 68
1725546913367 0.21615394949913025 69
1725546913376 0.2204776108264923 70
1725546913383 0.2092098444700241 71
1725546913389 0.22558818757534027 72
1725546913397 0.22709420323371887 73
1725546913406 0.21000853180885315 74
1725546913416 0.20709538459777832 75
1725546913426 0.24208009243011475 76
1725546913432 0.20643211901187897 77
1725546913440 0.2180333137512207 78
1725546913447 0.20157068967819214 79
1725546913454 0.21277537941932678 80
1725546913461 0.21398991346359253 81
1725546913469 0.21426241099834442 82
1725546913477 0.22735363245010376 83
1725546913486 0.21908292174339294 84
1725546913495 0.20175209641456604 85
1725546913502 0.22050604224205017 86
1725546913510 0.23783402144908905 87
1725546913518 0.23887941241264343 88
1725546913525 0.23080135881900787 89
1725546913532 0.2202969193458557 90
1725546913540 0.23796820640563965 91
1725546913549 0.2302445024251938 92
1725546913558 0.23098130524158478 93
1725546913567 0.2090926170349121 94
1725546913575 0.23996798694133759 95
1725546913582 0.2090405821800232 96
1725546913590 0.2240181416273117 97
1725546913599 0.22549466788768768 98
1725546913607 0.21133242547512054 99
