1725547282814 2.0961122512817383 0
1725547282821 0.48861435055732727 1
1725547282828 0.2962913513183594 2
1725547282836 0.25282126665115356 3
1725547282844 0.23855434358119965 4
1725547282852 0.22589337825775146 5
1725547282860 0.21347913146018982 6
1725547282867 0.21688245236873627 7
1725547282873 0.21050257980823517 8
1725547282881 0.21262067556381226 9
1725547282888 0.2153296321630478 10
1725547282896 0.2067689150571823 11
1725547282904 0.2047606110572815 12
1725547282910 0.20657062530517578 13
1725547282918 0.20227494835853577 14
1725547282925 0.1896190494298935 15
1725547282932 0.19165007770061493 16
1725547282940 0.19365400075912476 17
1725547282946 0.19483543932437897 18
1725547282954 0.19131164252758026 19
1725547282962 0.19468532502651215 20
1725547282970 0.1866270899772644 21
1725547282978 0.19693079590797424 22
1725547282985 0.18346892297267914 23
1725547282992 0.18638242781162262 24
1725547283000 0.18885096907615662 25
1725547283007 0.1911294311285019 26
1725547283016 0.19010868668556213 27
1725547283022 0.18536336719989777 28
1725547283029 0.18456703424453735 29
1725547283037 0.17825765907764435 30
1725547283044 0.1825610250234604 31
1725547283051 0.1791280061006546 32
1725547283058 0.19137760996818542 33
1725547283066 0.17573218047618866 34
1725547283074 0.17620332539081573 35
1725547283083 0.17633220553398132 36
1725547283090 0.16987106204032898 37
1725547283097 0.16841939091682434 38
1725547283104 0.17194317281246185 39
1725547283111 0.16407109797000885 40
1725547283119 0.16923540830612183 41
1725547283128 0.17450794577598572 42
1725547283136 0.1628466248512268 43
1725547283143 0.16814953088760376 44
1725547283152 0.16445504128932953 45
1725547283161 0.16761261224746704 46
1725547283169 0.1623026579618454 47
1725547283179 0.1618531048297882 48
1725547283189 0.1543697863817215 49
1725547283197 0.15725888311862946 50
1725547283205 0.15834620594978333 51
1725547283213 0.15761949121952057 52
1725547283222 0.15803326666355133 53
1725547283230 0.15545471012592316 54
1725547283238 0.15656571090221405 55
1725547283246 0.14965635538101196 56
1725547283253 0.15142039954662323 57
1725547283260 0.15290765464305878 58
1725547283269 0.15016871690750122 59
1725547283279 0.14237329363822937 60
1725547283287 0.14695483446121216 61
1725547283297 0.1375432163476944 62
1725547283307 0.14767314493656158 63
1725547283317 0.14652712643146515 64
1725547283326 0.13497962057590485 65
1725547283336 0.1442316770553589 66
1725547283344 0.1417945772409439 67
1725547283352 0.13615337014198303 68
1725547283358 0.13961808383464813 69
1725547283365 0.13335728645324707 70
1725547283372 0.13929423689842224 71
1725547283378 0.13094688951969147 72
1725547283385 0.1264505386352539 73
1725547283391 0.13817098736763 74
1725547283398 0.12971314787864685 75
1725547283405 0.1311977058649063 76
1725547283413 0.12615053355693817 77
1725547283420 0.12257624417543411 78
1725547283428 0.123667411506176 79
1725547283436 0.12152021378278732 80
1725547283443 0.12009532004594803 81
1725547283450 0.12815409898757935 82
1725547283457 0.1146741658449173 83
1725547283465 0.12012405693531036 84
1725547283475 0.1244860589504242 85
1725547283485 0.1178426742553711 86
1725547283492 0.11885344982147217 87
1725547283500 0.11657942831516266 88
1725547283507 0.11352778971195221 89
1725547283514 0.11556070297956467 90
1725547283522 0.11098537594079971 91
1725547283530 0.1143580749630928 92
1725547283538 0.11948510259389877 93
1725547283544 0.11047970503568649 94
1725547283551 0.10799182951450348 95
1725547283558 0.10671477764844894 96
1725547283565 0.1131213828921318 97
1725547283571 0.10756851732730865 98
1725547283579 0.10644479095935822 99
