1725549943980 0.0 0
1725549954006 0.015120000000024447 1
1725549964020 0.03396700000001829 2
1725549974032 0.10625600000003033 3
1725549984044 0.16784799999999223 4
1725549994058 0.22397300000000087 5
1725550004069 0.30484500000000025 6
1725550014082 0.3147140000000377 7
1725550024095 0.3367850000000203 8
1725550034109 0.35325299999999515 9
1725550044122 0.37621899999999187 10
1725550054134 0.3933150000000296 11
1725550064147 0.4166890000000194 12
1725550074160 0.44582200000002103 13
1725550084173 0.45577400000001944 14
1725550094189 0.47288800000001174 15
1725550104205 0.48025599999999713 16
