1725549943980 0.0 0
1725549954006 0.013400000000018508 1
1725549964020 0.03308700000002318 2
1725549974032 0.10335500000002185 3
1725549984044 0.1650500000000079 4
1725549994058 0.18669600000001196 5
1725550004069 0.26454100000000835 6
1725550014082 0.27537000000000944 7
1725550024095 0.2982110000000091 8
1725550034109 0.31226700000001983 9
1725550044122 0.3276250000000118 10
1725550054134 0.3427180000000192 11
1725550064147 0.36370200000001773 12
1725550074160 0.39231400000002736 13
1725550084173 0.4030300000000011 14
1725550094189 0.41822500000000673 15
1725550104205 0.42549600000000964 16
